3,0.101448,-0.682879,-0.241504,-0.046315,-0.00578,-0.043854
3,0.105447,-0.835272,-0.310021,-0.046813,-0.023389,-0.053292
3,0.101552,-0.682266,-0.241018,-0.046481,-0.00578,-0.043893
3,0.101739,-0.682366,-0.241061,-0.046315,-0.005776,-0.043819
3,0.102217,-0.683953,-0.241837,-0.046481,-0.005712,-0.043771
3,0.145827,-2.631944,-0.63317,-0.039675,-0.076796,-0.065314
3,0.163935,-2.792576,-0.66378,-0.038347,-0.071032,-0.079508
2,0.120333,-2.497263,-0.77503,-0.072709,-0.066274,-0.072437
3,0.174673,-2.293088,-0.629947,-0.039177,-0.125842,-0.079503
3,0.148586,-3.386215,-0.830916,-0.162683,-0.123411,-0.088359
3,0.102269,-0.683019,-0.239995,-0.046481,-0.005807,-0.043896
3,0.100561,-2.853085,-0.740423,-0.092131,-0.121626,-0.100032
3,0.103039,-0.684772,-0.24302,-0.046481,-0.005722,-0.04349
3,0.10276,-0.682836,-0.24038,-0.046481,-0.005795,-0.04388
3,0.102766,-0.682628,-0.240277,-0.046481,-0.005802,-0.043959
3,0.19294,-2.652862,-0.622411,-0.037019,-0.133693,-0.082704
3,0.10279,-0.683332,-0.240434,-0.046481,-0.005812,-0.043899
3,0.102915,-0.682336,-0.240398,-0.046481,-0.005797,-0.04395
3,0.102926,-0.68281,-0.239923,-0.046481,-0.005804,-0.043846
3,0.177004,-2.805573,-0.65086,-0.037185,-0.081026,-0.061135
3,0.103168,-0.68327,-0.240282,-0.046481,-0.0058,-0.043872
3,0.125797,-2.567596,-0.637559,-0.041833,-0.096852,-0.062842
3,0.091582,-2.490355,-0.631098,-0.081839,-0.117671,-0.091868
2,0.118297,-2.449202,-0.778461,-0.071713,-0.066997,-0.070409
3,0.103329,-0.682349,-0.240316,-0.046481,-0.005795,-0.043896
1,0.215531,-2.738118,-1.108141,-0.088147,-0.105929,-0.104822
3,0.125476,-2.709567,-0.696903,-0.129316,-0.101708,-0.082109
3,0.103782,-0.683088,-0.240492,-0.046481,-0.005811,-0.043893
3,0.14846,-2.691596,-0.642452,-0.039343,-0.080334,-0.065793
3,0.074388,-2.684385,-0.604165,-0.175133,-0.105334,-0.09391
3,0.103842,-0.682931,-0.240441,-0.046481,-0.005805,-0.043939
3,0.122302,-1.475219,-0.589273,-0.164509,-0.063846,-0.087865
3,0.103944,-0.682762,-0.240315,-0.046315,-0.005814,-0.043889
2,0.124372,-2.490032,-0.757152,-0.063496,-0.062597,-0.066511
3,0.115274,-2.700925,-0.663035,-0.036853,-0.108256,-0.083697
3,0.103914,-0.682009,-0.239335,-0.046481,-0.005743,-0.043535
3,0.104037,-0.68237,-0.240544,-0.046481,-0.005791,-0.043927
3,0.104339,-0.68286,-0.240617,-0.046813,-0.005773,-0.043952
3,0.104599,-0.68399,-0.24037,-0.046481,-0.005684,-0.043455
2,0.126535,-2.513784,-0.753861,-0.071215,-0.063823,-0.076997
3,0.104307,-0.682982,-0.240478,-0.046481,-0.005815,-0.043961
3,0.104422,-0.682714,-0.240513,-0.046647,-0.005811,-0.043936
3,0.104727,-0.6846,-0.24079,-0.046481,-0.005844,-0.043986
3,0.155389,-3.322313,-0.563905,-0.031208,-0.075965,-0.076391
3,0.104509,-0.682673,-0.239896,-0.046481,-0.005742,-0.043612
3,0.148552,-2.608003,-0.633239,-0.039841,-0.076773,-0.065434
3,0.1049,-0.682477,-0.240099,-0.046481,-0.005744,-0.043625
3,0.223649,-2.890328,-0.814167,-0.127158,-0.133582,-0.092309
3,0.105069,-0.682375,-0.239975,-0.046481,-0.005752,-0.043621
3,0.105212,-0.682292,-0.239905,-0.046481,-0.005747,-0.043566
3,0.142111,-2.499605,-0.629959,-0.041999,-0.132317,-0.080697
3,0.139382,-2.838402,-0.645106,-0.039841,-0.071891,-0.061654
3,0.132709,-2.792233,-0.645517,-0.039509,-0.071638,-0.066352
3,0.105955,-0.681802,-0.239975,-0.046481,-0.005743,-0.043586
3,0.105813,-0.677733,-0.239758,-0.046481,-0.006074,-0.044112
3,0.10588,-0.677513,-0.23952,-0.046481,-0.006103,-0.044155
3,0.10808,-0.834785,-0.307988,-0.046647,-0.024429,-0.050397
3,0.106246,-0.677547,-0.239986,-0.046481,-0.006059,-0.0441
3,0.106601,-0.68091,-0.240363,-0.046481,-0.006,-0.044072
3,0.106456,-0.67728,-0.239978,-0.046481,-0.006073,-0.044125
3,0.136438,-2.674388,-0.6422,-0.039343,-0.073475,-0.066197
3,0.101611,-0.774214,-0.232189,-0.039509,-0.005362,-0.047877
3,0.154553,-2.557329,-0.629849,-0.040173,-0.076284,-0.065945
2,0.140427,-2.968287,-0.722577,-0.079432,-0.069711,-0.086931
3,0.113379,-0.785784,-0.314799,-0.051461,-0.022563,-0.052014
3,0.135313,-1.355041,-0.466424,-0.140604,-0.095457,-0.096101
3,0.107036,-0.676728,-0.239163,-0.046481,-0.00611,-0.044208
3,0.107153,-0.676512,-0.23926,-0.046481,-0.006104,-0.044166
3,0.17387,-2.168133,-0.763813,-0.161853,-0.081795,-0.076115
3,0.18061,-3.189917,-0.898958,-0.158367,-0.11333,-0.090098
3,0.1564,-2.106774,-0.833117,-0.155378,-0.080453,-0.081678
2,0.132413,-2.58715,-0.781539,-0.068725,-0.067208,-0.06801
2,0.145135,-2.537039,-0.774634,-0.064741,-0.064009,-0.069893
2,0.127786,-2.544902,-0.783241,-0.072211,-0.067036,-0.070936
3,0.117881,-2.299832,-0.626408,-0.039011,-0.100286,-0.082954
3,0.139067,-3.308623,-0.668086,-0.060093,-0.053928,-0.069224
3,0.108038,-0.6761,-0.239208,-0.046315,-0.006144,-0.044154
3,0.127746,-2.391575,-0.526199,-0.02905,-0.058069,-0.054246
3,0.111936,-0.817289,-0.317612,-0.038347,-0.02472,-0.043983
3,0.106011,-0.789126,-0.247146,-0.041999,-0.005043,-0.045573
3,0.205221,-2.757677,-0.641658,-0.073373,-0.124649,-0.088957
3,0.108489,-0.67558,-0.238773,-0.046315,-0.006156,-0.044182
3,0.200222,-3.308406,-0.689532,-0.039841,-0.08513,-0.081018
3,0.108659,-0.671809,-0.238767,-0.046315,-0.006193,-0.044256
3,0.109419,-0.693211,-0.239575,-0.047145,-0.006436,-0.045346
3,0.144337,-3.1237,-0.649817,-0.043991,-0.084609,-0.063159
3,0.109134,-0.671521,-0.238818,-0.046315,-0.006192,-0.044317
3,0.109197,-0.671358,-0.238847,-0.046315,-0.006191,-0.044316
3,0.109322,-0.671214,-0.238796,-0.046315,-0.006197,-0.044343
3,0.109431,-0.671466,-0.238871,-0.046315,-0.006191,-0.044333
3,0.109402,-0.671023,-0.238749,-0.046315,-0.006191,-0.044361
3,0.109431,-0.670972,-0.238794,-0.046315,-0.006199,-0.044338
3,0.1603,-2.624851,-0.636047,-0.039675,-0.082958,-0.065343
3,0.169417,-2.772356,-0.590061,-0.043659,-0.107897,-0.079949
3,0.10955,-0.67046,-0.238864,-0.046315,-0.006212,-0.044353
3,0.111271,-0.659995,-0.246198,-0.051627,-0.005881,-0.043826
3,0.189324,-2.526029,-0.784871,-0.184429,-0.120793,-0.097036
3,0.109708,-0.670409,-0.238827,-0.046315,-0.00621,-0.044355
3,0.109731,-0.670939,-0.238843,-0.046315,-0.006196,-0.044374
3,0.105469,-2.280903,-0.515288,-0.180279,-0.082615,-0.088841
3,0.113872,-0.699126,-0.296865,-0.030212,-0.032717,-0.0443
3,0.108817,-0.705313,-0.238475,-0.044655,-0.005957,-0.044736
3,0.109971,-0.668334,-0.238033,-0.046315,-0.00625,-0.044629
3,0.193492,-2.754794,-0.655575,-0.041003,-0.079696,-0.069425
3,0.110776,-0.668149,-0.238183,-0.046315,-0.006248,-0.044673
3,0.162147,-2.575733,-0.62593,-0.041003,-0.077186,-0.066324
3,0.111367,-0.703196,-0.240034,-0.047145,-0.00648,-0.045537
3,0.110994,-0.668047,-0.238472,-0.046315,-0.006256,-0.044723
3,0.189937,-2.945234,-0.64153,-0.033035,-0.107307,-0.061056
3,0.111124,-0.667502,-0.238396,-0.046315,-0.006245,-0.044714
3,0.111159,-0.667191,-0.238378,-0.046315,-0.006254,-0.044738
2,0.136866,-2.932696,-0.710872,-0.07246,-0.060825,-0.085636
3,0.114632,-0.819876,-0.311411,-0.035857,-0.025536,-0.044453
3,0.116863,-3.037654,-0.677763,-0.091467,-0.09795,-0.088153
2,0.131552,-2.509494,-0.752306,-0.073705,-0.062639,-0.077132
3,0.217707,-2.274994,-0.643943,-0.127324,-0.067138,-0.090655
3,0.111833,-0.666695,-0.238385,-0.046149,-0.006265,-0.044787
3,0.115103,-1.814357,-0.344645,-0.028718,-0.047046,-0.044777
3,0.16539,-2.743363,-0.671828,-0.051295,-0.068093,-0.075184
3,0.207175,-2.225809,-0.597829,-0.035525,-0.08309,-0.065654
3,0.158832,-3.123814,-0.698181,-0.108732,-0.103796,-0.082479
3,0.112718,-0.667385,-0.238831,-0.046481,-0.006218,-0.044845
3,0.112686,-0.666987,-0.238615,-0.046149,-0.006231,-0.044821
3,0.112951,-0.666757,-0.238654,-0.046149,-0.006238,-0.04487
3,0.159067,-2.537875,-0.631016,-0.040505,-0.074423,-0.06671
3,0.114107,-0.664533,-0.239083,-0.046647,-0.006432,-0.045281
3,0.114041,-0.66445,-0.238372,-0.046481,-0.006466,-0.045285
2,0.153703,-2.555406,-0.744225,-0.084163,-0.070562,-0.087679
3,0.15158,-2.385347,-0.620264,-0.045153,-0.101049,-0.084097
3,0.1301,-1.617685,-0.389779,-0.052955,-0.025728,-0.042218
3,0.114415,-0.663109,-0.238246,-0.046481,-0.006479,-0.045354
3,0.186866,-2.420013,-0.63874,-0.041335,-0.079774,-0.068255
3,0.1148,-0.663668,-0.238432,-0.046481,-0.006467,-0.045356
3,0.114941,-0.664572,-0.238678,-0.046481,-0.006466,-0.045354
3,0.113478,-0.671682,-0.237978,-0.045153,-0.00617,-0.044759
3,0.114986,-0.664368,-0.238495,-0.046481,-0.00647,-0.045365
3,0.115535,-0.663808,-0.238377,-0.046481,-0.006485,-0.045433
3,0.115598,-0.664431,-0.238115,-0.046481,-0.006516,-0.045445
3,0.114324,-0.697497,-0.30269,-0.031208,-0.037885,-0.044345
3,0.116032,-0.663624,-0.238424,-0.046481,-0.00648,-0.045478
3,0.116078,-0.663219,-0.238368,-0.046481,-0.006495,-0.045506
2,0.131495,-2.99181,-0.695111,-0.077689,-0.069938,-0.085674
3,0.114612,-0.686959,-0.244115,-0.045319,-0.005583,-0.04501
3,0.116133,-0.664313,-0.239243,-0.046315,-0.006476,-0.045496
3,0.116357,-0.666383,-0.236301,-0.046481,-0.006528,-0.04505
3,0.116447,-1.120024,-0.332822,-0.03071,-0.044595,-0.043853
3,0.116653,-0.663734,-0.2383,-0.046481,-0.006505,-0.045584
3,0.125318,-2.405955,-0.619339,-0.049469,-0.04999,-0.061516
3,0.116987,-0.662752,-0.238389,-0.046315,-0.006529,-0.045566
3,0.191392,-1.089848,-0.457211,-0.104582,-0.071029,-0.095561
3,0.127245,-2.558985,-0.685814,-0.030212,-0.14487,-0.081526
3,0.146135,-2.603017,-0.60801,-0.041335,-0.098615,-0.082136
3,0.114534,-0.713485,-0.246006,-0.045485,-0.005949,-0.045621
3,0.128939,-2.176042,-0.68506,-0.151394,-0.084777,-0.090303
3,0.11524,-2.58814,-0.696903,-0.14741,-0.191899,NaN
2,0.141862,-2.217115,-0.639971,-0.072211,-0.061064,-0.081355
2,0.140987,-2.455809,-0.739251,-0.0625,-0.058774,-0.06538
3,0.132611,-3.377732,-0.775014,-0.031873,-0.053522,-0.076222
3,0.150258,-3.143258,-0.821866,-0.153386,-0.101597,-0.083126
3,0.153743,-2.561045,-0.625985,-0.040007,-0.075169,-0.065437
3,0.172577,-3.294157,-0.905465,-0.14243,-0.127558,-0.09328
3,0.119153,-0.665976,-0.238249,-0.046315,-0.006562,-0.04587
3,0.177424,-2.793692,-0.565732,-0.037351,-0.063445,-0.06482
3,0.172754,-2.551034,-0.597388,-0.031208,-0.098269,-0.080054
2,0.158561,-2.964532,-0.72991,-0.082918,-0.068638,-0.086013
3,0.11947,-0.661469,-0.238952,-0.046481,-0.006522,-0.045882
3,0.119751,-0.661513,-0.238941,-0.046481,-0.006534,-0.04593
3,0.11804,-0.726179,-0.29731,-0.032371,-0.035702,-0.043009
3,0.121305,-2.160701,-0.372632,-0.028884,-0.048362,-0.046663
3,0.174174,-2.695509,-0.671731,-0.13994,-0.170453,NaN
3,0.121221,-0.66085,-0.239292,-0.046315,-0.006549,-0.046098
3,0.11745,-0.872662,-0.289476,-0.042829,-0.016331,-0.043261
3,0.144311,-3.05503,-0.63406,-0.069057,-0.092101,-0.086008
3,0.121663,-0.661594,-0.239538,-0.046647,-0.006539,-0.046125
3,0.122175,-0.647468,-0.239448,-0.046315,-0.006663,-0.046214
3,0.122836,-0.683702,-0.237668,-0.047643,-0.006995,-0.046475
3,0.122123,-0.647453,-0.239517,-0.046315,-0.006656,-0.04621
3,0.122213,-0.64745,-0.239497,-0.046315,-0.00666,-0.046215
3,0.122561,-0.647191,-0.239802,-0.046315,-0.00666,-0.046248
2,0.147487,-2.774849,-0.787608,-0.068974,-0.076586,-0.071343
3,0.122866,-0.646855,-0.239835,-0.046315,-0.006658,-0.046289
3,0.123071,-0.647124,-0.240157,-0.046481,-0.006654,-0.046348
3,0.145382,-2.590776,-0.64977,-0.076527,-0.108767,-0.088262
3,0.123011,-0.64645,-0.239448,-0.046149,-0.006669,-0.046382
3,0.142792,-2.432689,-0.656635,-0.031707,-0.059821,-0.082053
3,0.123643,-0.646643,-0.240264,-0.046647,-0.006647,-0.046385
3,0.119615,-0.692301,-0.237417,-0.045983,-0.0065,-0.046604
3,0.120287,-0.675396,-0.244837,-0.047477,-0.006001,-0.043701
3,0.133609,-2.570887,-0.68472,-0.141434,-0.191335,NaN
3,0.13915,-3.080009,-0.727873,-0.11089,-0.190317,-0.102109
3,0.124238,-0.646325,-0.240519,-0.046647,-0.006646,-0.046444
3,0.118987,-1.137585,-0.297366,-0.032039,-0.025521,-0.052666
3,0.12432,-0.64597,-0.240357,-0.046481,-0.006657,-0.046429
3,0.124366,-0.645956,-0.240539,-0.046647,-0.006642,-0.046469
3,0.142697,-2.120803,-0.449922,-0.044655,-0.026544,-0.045785
3,0.143354,-2.605106,-0.617205,-0.040339,-0.068186,-0.066444
3,0.124688,-0.645909,-0.24055,-0.046647,-0.006645,-0.046491
1,0.111202,-2.400996,-1.048839,-0.072211,-0.083159,-0.079065
3,0.150238,-2.567441,-0.661264,-0.034529,-0.089648,-0.064718
3,0.160128,-2.249368,-0.567128,-0.037517,-0.105069,-0.079632
3,0.125145,-0.645582,-0.241124,-0.046647,-0.006619,-0.046532
3,0.1256,-0.644997,-0.241224,-0.046647,-0.006611,-0.04656
2,0.216342,-3.094188,-0.848833,-0.059859,-0.066754,-0.099556
3,0.218061,-1.436403,-0.443186,-0.041169,-0.036308,-0.07739
3,0.126141,-0.644976,-0.241503,-0.046647,-0.006614,-0.046647
3,0.126127,-0.644877,-0.241362,-0.046647,-0.006612,-0.046609
3,0.236515,-2.124406,-0.595107,-0.077754,-0.077475,-0.101315
3,0.156561,-2.547206,-0.611338,-0.177623,-0.123193,-0.100995
3,0.219868,-3.040471,-0.735623,-0.038845,-0.083344,-0.085299
3,0.16351,-2.513557,-0.628518,-0.040837,-0.072027,-0.067827
3,0.121844,-0.666397,-0.240138,-0.045983,-0.006234,-0.04614
2,0.145832,-2.785795,-0.688397,-0.048805,-0.038673,-0.061209
3,0.134513,-2.734283,-0.612731,-0.123506,-0.118819,-0.100523
3,0.116386,-3.392483,-0.880417,-0.13164,-0.171808,-0.097875
3,0.127478,-0.643931,-0.241976,-0.046813,-0.006586,-0.046753
3,0.127263,-0.643864,-0.242056,-0.046813,-0.006579,-0.046721
3,0.180937,-2.645366,-0.6193,-0.040007,-0.070998,-0.076977
3,0.200362,-2.31505,-0.638614,-0.039343,-0.125173,-0.080773
3,0.128621,-0.642854,-0.241986,-0.046813,-0.00658,-0.046789
3,0.144071,-1.790037,-0.438218,-0.046315,-0.027646,-0.043586
3,0.122355,-1.310581,-0.461413,-0.148406,-0.122048,NaN
3,0.129342,-0.647108,-0.242239,-0.046813,-0.006593,-0.04688
3,0.133615,-2.642452,-0.656971,-0.049967,-0.079738,-0.064497
3,0.153105,-0.967053,-0.392718,-0.042663,-0.070287,-0.081768
3,0.128133,-0.63973,-0.240736,-0.046481,-0.006554,-0.046799
3,0.12431,-0.649735,-0.24201,-0.046149,-0.006391,-0.046654
3,0.165753,-2.458516,-0.631739,-0.041335,-0.071614,-0.06773
3,0.091378,-1.296669,-0.509153,-0.162517,-0.075088,-0.091562
3,0.1209,-2.612498,-0.702997,-0.152058,-0.188726,NaN
2,0.251644,-2.341051,-0.696973,-0.165339,-0.188864,-0.095496
3,0.12917,-0.644062,-0.244716,-0.047145,-0.006364,-0.046008
3,0.147439,-2.393164,-0.61392,-0.039343,-0.064519,-0.065196
3,0.132344,-2.935588,-0.61546,-0.09429,-0.10756,-0.079346
3,0.124576,-0.663743,-0.241914,-0.046315,-0.006255,-0.046607
3,0.130654,-0.646275,-0.242798,-0.046979,-0.006562,-0.047053
2,0.103407,-3.791464,-0.753071,-0.135458,-0.07084,-0.088049
3,0.131028,-0.642126,-0.24316,-0.046979,-0.006517,-0.047026
3,0.131261,-0.645965,-0.242793,-0.046979,-0.006565,-0.047115
3,0.131106,-0.64607,-0.242978,-0.046979,-0.006543,-0.047065
3,0.097541,-1.530631,-0.635813,-0.109894,-0.048146,-0.08765
3,0.131692,-0.647199,-0.242949,-0.046979,-0.006712,-0.047302
3,0.124094,-2.369114,-0.928908,-0.134462,-0.119751,-0.1002
2,0.140701,-2.785808,-0.776928,-0.162351,-0.123215,-0.09528
3,0.216521,-3.497597,-0.663828,-0.041999,-0.087,-0.091795
1,0.115684,-2.673712,-1.184171,-0.070717,-0.089694,-0.090903
2,0.153495,-2.439306,-0.752627,-0.061006,-0.062546,-0.067695
3,0.132023,-0.64519,-0.243131,-0.046979,-0.00654,-0.047154
3,0.115642,-1.409247,-0.546697,-0.114542,-0.037118,-0.077455
3,0.132115,-0.644946,-0.243461,-0.047145,-0.006521,-0.047111
3,0.142102,-2.734986,-0.791666,-0.144422,-0.190496,-0.105149
3,0.129245,-0.642101,-0.242545,-0.046647,-0.006424,-0.046886
3,0.193274,-3.051296,-0.651081,-0.042829,-0.09541,-0.065923
3,0.132261,-0.644668,-0.243451,-0.047145,-0.006525,-0.047129
3,0.123383,-0.755705,-0.24664,-0.048141,-0.005324,-0.048989
3,0.141876,-3.279321,-0.726279,-0.121182,-0.124462,-0.099115
3,0.133351,-0.643143,-0.243819,-0.047311,-0.006631,-0.047472
3,0.158466,-2.620821,-0.629086,-0.040671,-0.068537,-0.067446
3,0.151129,-1.416266,-0.467709,-0.128154,-0.051017,-0.077403
3,0.133468,-0.644971,-0.243881,-0.047311,-0.006639,-0.047475
3,0.13353,-0.643023,-0.243739,-0.047311,-0.006641,-0.047487
3,0.124219,-0.689858,-0.294918,-0.031208,-0.036492,-0.046685
3,0.15303,-2.365142,-0.617775,-0.039675,-0.065459,-0.066295
1,0.147185,-2.747219,-1.21475,-0.082171,-0.097522,-0.082056
3,0.164933,-3.636803,-0.730755,-0.086819,-0.072719,-0.084833
3,0.153391,-2.641498,-0.623395,-0.040505,-0.067767,-0.066949
3,0.166181,-2.948116,-0.63502,-0.032039,-0.104339,-0.07963
3,0.134142,-0.641597,-0.243912,-0.047311,-0.006599,-0.047505
3,0.129566,-0.643455,-0.242763,-0.046647,-0.006419,-0.047217
3,0.233336,-2.607388,-0.884344,-0.084163,-0.063288,-0.086563
2,0.142941,-3.57899,-0.926623,-0.143924,-0.075829,-0.084711
3,0.134582,-0.641197,-0.243694,-0.047311,-0.006621,-0.047575
3,0.134742,-0.640984,-0.243816,-0.047311,-0.006618,-0.047571
3,0.140536,-2.928963,-0.666528,-0.107238,-0.118467,-0.10061
2,0.164192,-2.513452,-0.767093,-0.0625,-0.063145,-0.070293
3,0.148779,-2.631158,-0.603865,-0.038181,-0.062727,-0.066008
3,0.143141,-3.086735,-0.677623,-0.102756,-0.123524,-0.100572
2,0.160352,-2.681382,-0.627372,-0.060757,-0.055188,-0.063244
3,0.135753,-0.63451,-0.24387,-0.047643,-0.00674,-0.047782
2,0.147805,-2.803533,-0.711112,-0.062998,-0.05001,-0.050999
3,0.171288,-0.933367,-0.353485,-0.040837,-0.0236,-0.062487
3,0.113529,-2.529102,-0.580162,-0.040837,-0.098463,-0.082005
3,0.134792,-0.597601,-0.243477,-0.052955,-0.005802,-0.041107
3,0.135855,-0.635254,-0.2451,-0.048639,-0.006603,-0.047564
3,0.155568,-2.286014,-0.634938,-0.092629,-0.12394,-0.084628
3,0.130181,-2.771484,-0.713351,-0.15156,-0.186854,NaN
3,0.128471,-2.858415,-0.724572,-0.142762,-0.112918,-0.100179
3,0.140131,-3.085644,-0.682423,-0.107736,-0.128398,-0.100815
3,0.123866,-3.397912,-0.609748,-0.038679,-0.125716,-0.079265
3,0.152198,-2.503366,-0.616974,-0.040007,-0.06575,-0.066236
3,0.134367,-0.611518,-0.248585,-0.050797,-0.005973,-0.043328
3,0.144,-2.838178,-0.649784,-0.11836,-0.141506,-0.073603
3,0.155937,-1.342085,-0.429213,-0.035359,-0.031508,-0.060758
3,0.222313,-2.541548,-0.680868,-0.041833,-0.080597,-0.073186
3,0.129513,-0.678382,-0.246212,-0.045651,-0.006218,-0.047596
3,0.315732,-3.254233,-1.225639,-0.184927,-0.203312,-0.096328
3,0.228243,-3.01731,-0.688379,-0.121514,-0.127016,-0.097724
3,0.151742,-2.490566,-0.61535,-0.040173,-0.065756,-0.066274
3,0.147715,-1.452744,-0.464241,-0.117696,-0.087163,-0.092032
3,0.137186,-0.632877,-0.245051,-0.048307,-0.006607,-0.047725
3,0.176577,-2.725405,-0.638147,-0.042497,-0.083099,-0.067135
3,0.143427,-3.24626,-0.670335,-0.102092,-0.122671,-0.100485
3,0.182571,-2.703171,-0.628046,-0.043327,-0.079355,-0.065935
1,0.224321,-2.840322,-0.981996,-0.100598,-0.05564,-0.092138
1,0.070773,-2.450529,-1.061047,-0.076195,-0.086898,-0.085531
3,0.151011,-2.537035,-0.610043,-0.039675,-0.064398,-0.065868
3,0.151425,-2.472718,-0.618313,-0.040505,-0.064685,-0.066863
3,0.137912,-0.632051,-0.245606,-0.048473,-0.006579,-0.047787
3,0.207535,-2.925743,-0.689122,-0.039841,-0.080004,-0.08184
2,0.138011,-2.752304,-0.680321,-0.080677,-0.069818,-0.083537
2,0.150964,-3.163561,-0.690423,-0.074452,-0.062658,-0.085947
2,0.171951,-2.499316,-0.806615,-0.059263,-0.070965,-0.06673
3,0.197732,-2.60769,-0.646241,-0.040505,-0.074376,-0.070301
3,0.138393,-0.631567,-0.245013,-0.048473,-0.006616,-0.047925
3,0.11671,-1.348866,-0.435604,-0.069389,-0.034466,-0.067807
3,0.15584,-2.76672,-0.61841,-0.038845,-0.067253,-0.066219
3,0.135652,-0.628794,-0.244408,-0.047809,-0.006609,-0.048382
3,0.123002,-1.858081,-0.685764,-0.183765,-0.075121,-0.099317
3,0.210111,-2.542572,-0.649537,-0.043161,-0.079357,-0.069851
3,0.139386,-0.631516,-0.244892,-0.048639,-0.006626,-0.048038
3,0.128246,-3.62144,-0.842995,-0.127656,-0.175969,-0.101486
3,0.132575,-0.836995,-0.28717,-0.046315,-0.016397,-0.046788
2,0.152038,-2.956542,-0.824527,-0.068974,-0.078192,-0.070417
3,0.16019,-2.553713,-0.624568,-0.041833,-0.067861,-0.067349
3,0.139897,-0.630654,-0.24584,-0.048805,-0.006573,-0.048035
3,0.143902,-3.074204,-0.694129,-0.108566,-0.141903,-0.100739
1,0.102625,-2.557941,-1.126383,-0.065239,-0.081374,-0.084052
3,0.140093,-0.631254,-0.245669,-0.048639,-0.006591,-0.048129
3,0.195678,-1.567007,-0.626066,-0.122012,-0.090411,-0.092217
3,0.138487,-2.756992,-0.649699,-0.123506,-0.124129,-0.100939
2,0.13339,-2.617955,-0.834001,-0.157371,-0.236129,-0.101035
3,0.144126,-3.824084,-0.611841,-0.036023,-0.050242,-0.065108
3,0.140279,-0.63113,-0.245827,-0.048805,-0.006574,-0.04812
3,0.138139,-0.604312,-0.248865,-0.051959,-0.006057,-0.04478
3,0.13928,-2.57653,-0.618758,-0.142098,-0.138467,NaN
3,0.140615,-0.63137,-0.245284,-0.048473,-0.00661,-0.048247
2,0.185285,-2.831298,-0.777286,-0.093127,-0.081479,-0.092001
3,0.139895,-0.712505,-0.31362,-0.039011,-0.02895,-0.057835
3,0.140811,-0.631439,-0.245894,-0.048805,-0.006575,-0.048227
3,0.141201,-0.630539,-0.246456,-0.049137,-0.006552,-0.048244
2,0.144904,-2.565562,-0.829152,-0.163845,-0.162936,-0.096428
2,0.159658,-2.998869,-0.694657,-0.079681,-0.068842,-0.083797
3,0.210309,-2.947215,-0.672327,-0.041501,-0.07963,-0.071631
2,0.163385,-2.666197,-0.7788,-0.072709,-0.082563,-0.071326
3,0.141806,-0.629018,-0.246504,-0.049137,-0.006558,-0.048351
3,0.175939,-2.963529,-0.774259,-0.122012,-0.089209,-0.080729
3,0.115174,-1.442931,-0.493869,-0.159197,-0.117043,NaN
3,0.125147,-1.462291,-0.427451,-0.026892,-0.034761,-0.056428
3,0.14232,-0.62019,-0.245757,-0.048971,-0.006757,-0.048613
3,0.142331,-0.620145,-0.245728,-0.048971,-0.006749,-0.048589
3,0.132372,-2.179248,-0.596841,-0.056275,-0.115277,-0.076554
2,0.143606,-2.971566,-0.816774,-0.163347,-0.108151,-0.09561
3,0.142794,-0.61964,-0.245988,-0.049137,-0.006716,-0.04863
3,0.142629,-0.619484,-0.245703,-0.048971,-0.006763,-0.048668
3,0.159378,-2.574559,-0.607074,-0.040505,-0.064394,-0.066545
2,0.158242,-3.076601,-0.701487,-0.086902,-0.069606,-0.078905
3,0.145757,-2.623268,-0.638626,-0.040339,-0.141653,-0.072171
3,0.158866,-2.763985,-0.544283,-0.035691,-0.058998,-0.053799
3,0.136276,-0.651714,-0.245691,-0.045983,-0.00604,-0.04867
3,0.143645,-0.617215,-0.245487,-0.049469,-0.006882,-0.048846
3,0.134437,-1.787133,-0.352519,-0.02988,-0.046912,-0.048921
3,0.146897,-1.18496,-0.369372,-0.034197,-0.038301,-0.064545
3,0.14396,-0.608114,-0.24662,-0.050299,-0.00664,-0.047964
2,0.16342,-3.09994,-0.810951,-0.064741,-0.076013,-0.071556
3,0.133753,-0.799453,-0.307155,-0.041999,-0.031097,-0.04299
3,0.122302,-3.1945,-0.638321,-0.099104,-0.101548,-0.100345
3,0.094812,-1.853963,-0.448875,-0.040007,-0.050387,-0.063107
3,0.144354,-0.616543,-0.246494,-0.049635,-0.00684,-0.048925
2,0.10445,-3.344509,-0.751013,-0.129731,-0.063161,-0.085136
3,0.196201,-2.903937,-0.810092,-0.100266,-0.14781,-0.102084
3,0.20435,-2.682437,-0.633384,-0.043659,-0.08041,-0.068533
3,0.145239,-0.615501,-0.24633,-0.049635,-0.006868,-0.04909
3,0.145322,-0.614628,-0.246627,-0.049635,-0.006846,-0.049103
3,0.142068,-0.553933,-0.249435,-0.053287,-0.005344,-0.043783
3,0.143612,-0.565513,-0.252281,-0.052623,-0.005674,-0.042621
3,0.148993,-0.527186,-0.259468,-0.070551,-0.006571,-0.042522
3,0.109803,-3.199969,-0.893545,-0.139774,-0.134814,-0.097193
3,0.137235,-2.562957,-0.69643,-0.025896,-0.097941,-0.096028
3,0.13765,-0.647645,-0.248777,-0.046481,-0.006321,-0.048913
3,0.146324,-0.612936,-0.246546,-0.049801,-0.006874,-0.049298
3,0.146441,-0.603048,-0.247813,-0.052125,-0.006498,-0.047149
3,0.146582,-0.612732,-0.246604,-0.049967,-0.006874,-0.049331
3,0.146769,-0.619454,-0.235127,-0.049469,-0.007364,-0.048091
2,0.199178,-2.330425,-0.661342,-0.165837,-0.171019,-0.097693
3,0.147184,-0.610903,-0.246909,-0.049801,-0.006836,-0.049389
3,0.138787,-0.651141,-0.254351,-0.052125,-0.005606,-0.050911
3,0.157141,-1.253774,-0.430242,-0.127822,-0.056061,-0.099613
3,0.147601,-0.609302,-0.247441,-0.050133,-0.006836,-0.04967
3,0.14848,-0.615327,-0.246933,-0.049801,-0.006822,-0.049522
3,0.230426,-0.904043,-0.409182,-0.070883,-0.033081,-0.092692
1,0.196991,-2.79295,-0.866924,-0.077191,-0.070989,-0.073481
3,0.159405,-2.470709,-0.546992,-0.038015,-0.054251,-0.065576
1,0.126445,-2.704611,-1.168696,-0.066733,-0.092546,-0.091554
2,0.15827,-3.09554,-0.878876,-0.1626,-0.127551,-0.098668
3,0.138887,-0.825449,-0.337543,-0.043825,-0.021783,-0.058384
3,0.145567,-1.491912,-0.372286,-0.050133,-0.027519,-0.048065
3,0.180348,-2.539487,-0.706344,-0.111554,-0.062495,-0.084611
3,0.138561,-0.812609,-0.316114,-0.043991,-0.022763,-0.058413
3,0.150318,-0.606661,-0.246455,-0.049801,-0.007026,-0.049907
3,0.150415,-0.614884,-0.246436,-0.049801,-0.006965,-0.049763
3,0.150377,-0.606598,-0.246299,-0.049635,-0.007042,-0.049936
2,0.14269,-3.127419,-0.781037,-0.138695,-0.094669,-0.092583
3,0.148322,-2.695684,-0.816161,-0.150896,-0.188063,-0.105625
1,0.185245,-3.138071,-0.908631,-0.079681,-0.073568,-0.078233
3,0.150998,-0.606515,-0.246291,-0.049635,-0.00705,-0.050012
3,0.144474,-0.631134,-0.248243,-0.047145,-0.006591,-0.049794
3,0.15088,-0.614903,-0.246584,-0.049801,-0.006966,-0.049789
3,0.149788,-0.615147,-0.24578,-0.049137,-0.007058,-0.050398
3,0.16647,-2.846284,-0.569012,-0.045817,-0.0872,-0.082693
3,0.136178,-2.84582,-0.640624,-0.10674,-0.139652,-0.098629
3,0.150181,-2.819705,-0.695424,-0.104748,-0.151822,-0.101103
2,0.17909,-2.623969,-0.882083,-0.164841,-0.235304,-0.097799
2,0.163156,-2.829073,-0.87218,-0.159114,-0.248677,-0.09995
3,0.152084,-0.482347,-0.265803,-0.065903,-0.005789,-0.043201
3,0.152109,-0.614464,-0.246283,-0.049635,-0.007023,-0.049983
2,0.174283,-2.442723,-0.745945,-0.062998,-0.0559,-0.061353
1,0.201712,-2.882316,-0.925425,-0.078187,-0.071659,-0.064726
2,0.173742,-2.99717,-0.692064,-0.081673,-0.070555,-0.087406
3,0.152556,-0.614408,-0.246166,-0.049801,-0.007021,-0.049968
3,0.186631,-2.545429,-0.620014,-0.041335,-0.134602,-0.085786
3,0.198235,-1.066634,-0.362679,-0.059761,-0.018976,-0.068081
3,0.140171,-2.58959,-0.531195,-0.070883,-0.063935,-0.0663
3,0.149767,-2.131143,-0.50696,-0.036853,-0.047026,-0.066427
3,0.355136,-2.679587,-0.787019,-0.136288,-0.080907,-0.09461
3,0.154216,-0.606996,-0.243707,-0.048971,-0.007106,-0.05035
2,0.19293,-3.227924,-0.716838,-0.090886,-0.069171,-0.080381
2,0.14348,-2.819084,-0.784706,-0.163845,-0.177303,-0.098172
3,0.146169,-0.937997,-0.306338,-0.032205,-0.042901,-0.049961
3,0.175622,-1.709857,-0.563155,-0.155544,-0.099307,-0.095123
3,0.142856,-1.049883,-0.410853,-0.078851,-0.038254,-0.069669
3,0.15724,-0.496656,-0.249927,-0.066235,-0.005375,-0.0395
1,0.183192,-3.045321,-1.030189,-0.070717,-0.08192,-0.070755
3,0.154369,-0.443453,-0.244086,-0.067065,-0.005298,-0.040794
3,0.150939,-0.518793,-0.258165,-0.057271,-0.005673,-0.045819
1,0.188187,-3.088147,-0.884766,-0.077689,-0.072742,-0.078825
3,0.171038,-2.557821,-0.652688,-0.093293,-0.12342,-0.088681
3,0.1436,-3.072307,-0.596832,-0.039509,-0.053949,-0.065294
2,0.237284,-2.435562,-0.716486,-0.16509,-0.187248,-0.099094
3,0.217571,-2.749368,-0.642625,-0.040505,-0.073799,-0.07735
3,0.134042,-2.063769,-0.639172,-0.047975,-0.118229,-0.076834
3,0.210992,-2.825538,-0.650017,-0.044821,-0.08153,-0.066925
2,0.168354,-2.759161,-0.69685,-0.081922,-0.057449,-0.056414
3,0.155183,-0.614169,-0.245101,-0.048141,-0.007124,-0.050841
3,0.148072,-0.62969,-0.250136,-0.047145,-0.00659,-0.050341
3,0.153132,-0.618993,-0.24625,-0.047477,-0.006967,-0.050711
1,0.213584,-2.892429,-0.904176,-0.073207,-0.071684,-0.068617
3,0.152802,-2.634185,-0.801688,-0.11006,-0.181456,-0.097418
1,0.221523,-2.560798,-1.056097,-0.093625,-0.092724,-0.066535
3,0.156207,-0.610756,-0.245916,-0.050133,-0.007055,-0.050122
3,0.168028,-0.739109,-0.342302,-0.036023,-0.027787,-0.063946
3,0.156693,-0.610299,-0.245805,-0.050133,-0.00705,-0.05012
3,0.155855,-0.61274,-0.234371,-0.048307,-0.007721,-0.048978
3,0.157177,-0.604278,-0.246367,-0.050299,-0.007221,-0.050446
2,0.168003,-2.772649,-0.704515,-0.05752,-0.049553,-0.067557
2,0.171643,-2.863554,-0.841293,-0.163596,-0.221776,-0.10147
3,0.158276,-2.912533,-0.617089,-0.042331,-0.069254,-0.065821
3,0.158056,-0.609694,-0.244474,-0.048141,-0.007226,-0.050861
3,0.157981,-0.609563,-0.24703,-0.050133,-0.006937,-0.050072
2,0.193066,-3.203239,-0.738031,-0.076693,-0.066094,-0.08014
2,0.164155,-2.93154,-0.769888,-0.163845,-0.199186,-0.099992
3,0.157468,-0.456084,-0.241666,-0.061089,-0.006572,-0.043596
2,0.180557,-2.558785,-0.855857,-0.165339,-0.24787,-0.098524
3,0.158698,-0.60404,-0.246644,-0.050299,-0.007185,-0.050503
3,0.104208,-2.533797,-0.648088,-0.155046,-0.070688,-0.099983
3,0.148333,-3.0092,-0.787116,-0.193559,-0.179487,-0.102285
3,0.191369,-2.955778,-0.652096,-0.047809,-0.070454,-0.067138
1,0.164129,-2.59425,-0.934675,-0.071713,-0.083672,-0.069481
3,0.159323,-0.60436,-0.246425,-0.050299,-0.007219,-0.050571
3,0.169145,-1.846922,-0.402538,-0.047477,-0.02483,-0.058264
3,0.149825,-0.628943,-0.250904,-0.047145,-0.006211,-0.051059
2,0.182623,-3.16501,-0.933869,-0.166335,-0.226558,-0.098998
3,0.159762,-0.603355,-0.245788,-0.050299,-0.00729,-0.050666
3,0.189049,-2.806153,-0.777556,-0.170319,-0.120241,-0.106631
1,0.104891,-2.228138,-0.973355,-0.074203,-0.102909,-0.096163
3,0.153473,-0.617446,-0.257711,-0.051627,-0.006358,-0.052664
2,0.17886,-2.671494,-0.962035,-0.163596,-0.267866,-0.103767
3,0.161172,-0.604154,-0.246397,-0.050133,-0.007238,-0.050662
1,0.230563,-2.569687,-1.007921,-0.088147,-0.089602,-0.064853
3,0.204559,-1.679003,-0.542741,-0.056441,-0.043436,-0.083784
3,0.161086,-0.603671,-0.245668,-0.049967,-0.007319,-0.050773
3,0.175272,-1.301447,-0.430932,-0.092131,-0.029402,-0.066253
3,0.163408,-2.828733,-0.622984,-0.042331,-0.067233,-0.065027
1,0.064938,-2.478828,-1.177738,-0.075199,-0.149903,-0.099395
2,0.205528,-2.812377,-0.863846,-0.163098,-0.236299,-0.101866
1,0.159756,-2.598996,-1.030337,-0.069223,-0.122705,-0.099347
1,0.176101,-2.562467,-0.953092,-0.084163,-0.081786,-0.066416
3,0.115902,-2.202051,-0.651347,-0.047809,-0.047961,-0.084024
3,0.154986,-0.604682,-0.253105,-0.051959,-0.006512,-0.053054
2,0.164395,-2.812406,-0.847605,-0.163347,-0.107842,-0.095564
3,0.149957,-3.312136,-0.860038,-0.13496,-0.122501,-0.098261
3,0.114801,-2.920711,-0.763445,-0.055777,-0.156911,-0.093236
3,0.154698,-0.611815,-0.26138,-0.054449,-0.00634,-0.05401
1,0.236073,-2.615872,-1.014065,-0.088147,-0.090524,-0.06634
3,0.16305,-0.60143,-0.245366,-0.049801,-0.00737,-0.050953
3,0.173902,-2.108523,-0.561637,-0.094124,-0.068366,-0.086069
3,0.156241,-0.585271,-0.255686,-0.054117,-0.00671,-0.053599
3,0.166594,-2.888962,-0.919673,-0.168825,-0.146666,-0.10489
3,0.13796,-2.91668,-0.751351,-0.057271,-0.156812,-0.095468
3,0.115028,-2.48734,-0.693744,-0.164841,-0.097783,-0.095976
3,0.146147,-0.833371,-0.291381,-0.043161,-0.025796,-0.052126
3,0.163874,-0.600579,-0.244664,-0.049967,-0.007443,-0.051096
3,0.150083,-1.162858,-0.559672,-0.156873,-0.066648,-0.097355
3,0.16192,-0.611688,-0.246999,-0.048473,-0.006939,-0.050818
2,0.173323,-3.081775,-0.68742,-0.076942,-0.064348,-0.086166
3,0.159189,-0.615407,-0.252315,-0.047477,-0.006443,-0.051639
2,0.188109,-2.418777,-0.853162,-0.162849,-0.254633,-0.101151
3,0.158403,-2.470924,-0.560571,-0.040007,-0.05706,-0.064224
3,0.162383,-2.491757,-0.59036,-0.039011,-0.060683,-0.066184
1,0.235184,-2.512753,-1.024972,-0.089143,-0.091682,-0.068989
2,0.168513,-2.877753,-0.729366,-0.05254,-0.060357,-0.081373
2,0.278511,-2.55279,-0.842481,-0.165588,-0.173513,-0.090573
3,0.126482,-3.465847,-0.74392,-0.104748,-0.05407,-0.08882
3,0.123641,-3.149908,-0.725067,-0.114044,-0.115331,-0.103904
3,0.167515,-0.561373,-0.245533,-0.051627,-0.007024,-0.049162
2,0.228052,-2.61629,-0.885268,-0.163347,-0.264806,-0.101564
3,0.164895,-0.601409,-0.244632,-0.049469,-0.007454,-0.051153
3,0.175822,-2.492496,-0.662763,-0.073871,-0.133751,-0.085866
1,0.229298,-2.781812,-0.906877,-0.077689,-0.070225,-0.060455
3,0.167902,-0.539833,-0.246317,-0.052623,-0.00668,-0.048676
1,0.188474,-2.704134,-0.891159,-0.079183,-0.07171,-0.082466
3,0.158832,-1.147158,-0.356796,-0.047145,-0.032337,-0.061531
3,0.28475,-2.81778,-0.722228,-0.099104,-0.088706,-0.096363
1,0.260427,-2.57353,-1.039664,-0.090139,-0.096191,-0.069677
2,0.151323,-2.738714,-0.9128,-0.158367,-0.232522,-0.096101
3,0.156046,-0.5886,-0.261811,-0.058931,-0.007386,-0.055533
3,0.144596,-0.794758,-0.29479,-0.044821,-0.026286,-0.05214
3,0.171579,-2.480776,-0.616447,-0.043659,-0.068679,-0.067302
2,0.168618,-2.942854,-0.852551,-0.160857,-0.118735,-0.095922
3,0.209088,-1.548715,-0.507154,-0.103088,-0.069916,-0.083836
3,0.167139,-0.601086,-0.243899,-0.049137,-0.007461,-0.051553
3,0.155591,-2.904639,-0.589481,-0.043991,-0.056121,-0.065452
3,0.153204,-2.668606,-0.780034,-0.117032,-0.072615,-0.075406
3,0.142328,-2.665911,-0.612275,-0.042497,-0.123055,-0.081498
1,0.171127,-2.678859,-0.963429,-0.073207,-0.083746,-0.072823
2,0.190871,-2.821286,-0.714805,-0.06997,-0.075141,-0.081471
3,0.160727,-1.5939,-0.487874,-0.14907,-0.05887,-0.085354
3,0.15602,-0.769637,-0.325283,-0.043659,-0.024717,-0.058316
3,0.162757,-2.669314,-0.571119,-0.045153,-0.065876,-0.066813
2,0.206909,-3.11512,-0.668761,-0.060508,-0.058004,-0.072182
3,0.148821,-2.428591,-0.612528,-0.090139,-0.046326,-0.059389
2,0.155257,-3.071215,-0.993561,-0.154133,-0.110406,-0.078694
1,0.274039,-2.565006,-1.115727,-0.100598,-0.102813,-0.074659
3,0.168615,-0.602997,-0.243978,-0.048971,-0.007419,-0.051728
3,0.173313,-1.948714,-0.427058,-0.050299,-0.025408,-0.053563
3,0.168728,-0.603276,-0.243969,-0.049137,-0.007419,-0.05175
1,0.261831,-2.925383,-0.897055,-0.084163,-0.086678,-0.098745
1,0.245023,-2.577332,-1.052605,-0.092629,-0.096137,-0.065753
3,0.169091,-0.603914,-0.244388,-0.048971,-0.007351,-0.051732
3,0.172553,-0.56807,-0.28352,-0.077855,-0.007037,-0.043861
3,0.169192,-0.603864,-0.244796,-0.048805,-0.007445,-0.051826
3,0.170207,-0.594787,-0.244333,-0.050465,-0.007645,-0.051194
2,0.170607,-2.905641,-0.897347,-0.1626,-0.138736,-0.098501
3,0.219831,-2.699994,-0.666321,-0.119854,-0.136909,-0.091931
2,0.234949,-3.615951,-0.653363,-0.044572,-0.03796,-0.061353
3,0.16163,-0.57892,-0.25406,-0.055279,-0.007018,-0.054126
1,0.031388,-2.477971,-1.115968,-0.095618,-0.084347,-0.1002
3,0.170032,-0.604382,-0.244647,-0.049303,-0.00741,-0.051897
3,0.186339,-0.53425,-0.259272,-0.058433,-0.007145,-0.050319
2,0.212182,-3.062048,-0.865053,-0.06748,-0.082451,-0.069249
1,0.234419,-2.804068,-0.86337,-0.084163,-0.068672,-0.064942
1,0.292754,-2.584308,-1.151285,-0.099602,-0.10347,-0.075582
3,0.153073,-0.770644,-0.299808,-0.040505,-0.027949,-0.05356
3,0.247199,-3.069182,-0.742848,-0.145418,-0.175708,-0.094404
2,0.205687,-2.945867,-0.872511,-0.159612,-0.214325,-0.096964
3,0.170708,-0.604584,-0.244749,-0.048971,-0.007436,-0.051923
3,0.18373,-1.625933,-0.473304,-0.117198,-0.054554,-0.076109
2,0.185044,-2.764951,-0.711088,-0.059512,-0.051608,-0.068566
3,0.186203,-3.001886,-0.912925,-0.107238,-0.17346,-0.094062
3,0.192653,-2.767926,-0.744378,-0.161355,-0.107323,-0.099264
1,0.223377,-2.504709,-1.018297,-0.089641,-0.091314,-0.063855
3,0.164576,-1.765144,-0.373344,-0.047809,-0.050251,-0.066187
1,0.224242,-2.577077,-1.028859,-0.093127,-0.092904,-0.063203
3,0.16002,-2.671439,-0.59408,-0.048473,-0.06201,-0.068262
3,0.171827,-0.60142,-0.247566,-0.048639,-0.007348,-0.052659
3,0.17233,-0.604744,-0.24549,-0.049303,-0.007495,-0.052118
3,0.204711,-2.231411,-0.6432,-0.091965,-0.095939,-0.084311
3,0.149561,-0.928445,-0.373241,-0.046315,-0.039999,-0.066897
3,0.167527,-0.603249,-0.269201,-0.055943,-0.007434,-0.056295
3,0.157928,-1.646588,-0.627888,-0.127324,-0.049677,-0.076725
3,0.158573,-1.009487,-0.365431,-0.050133,-0.026281,-0.060736
3,0.172817,-0.604881,-0.245798,-0.049635,-0.007357,-0.051966
1,0.215424,-2.599581,-0.908459,-0.080179,-0.074158,-0.083015
1,0.196714,-2.952007,-0.974173,-0.082171,-0.079459,-0.07579
2,0.189211,-2.953456,-0.941741,-0.158865,-0.099837,-0.093742
3,0.157406,-1.15732,-0.369596,-0.055279,-0.028148,-0.056503
3,0.152218,-2.548896,-0.559245,-0.046647,-0.059048,-0.065031
3,0.173309,-0.6047,-0.245611,-0.049801,-0.00761,-0.052298
2,0.2216,-3.133885,-0.86987,-0.063994,-0.084419,-0.071559
3,0.183808,-0.725307,-0.342238,-0.060591,-0.01529,-0.05384
3,0.173843,-0.604838,-0.245858,-0.049801,-0.007636,-0.052409
3,0.162963,-3.074828,-0.528698,-0.049303,-0.059529,-0.067728
1,0.195969,-2.849229,-0.933681,-0.069223,-0.078393,-0.079664
1,0.232056,-2.86746,-0.917073,-0.079681,-0.071233,-0.062964
1,0.289231,-2.474884,-1.060226,-0.091135,-0.101869,-0.074458
1,0.235017,-3.084871,-0.830034,-0.085657,-0.076048,-0.073817
3,0.134632,-3.063428,-0.755712,-0.11006,-0.122649,-0.090092
1,0.249766,-2.807834,-0.890554,-0.075199,-0.076132,-0.068257
3,0.174648,-0.606137,-0.244164,-0.050133,-0.00772,-0.052163
1,0.232347,-2.642526,-1.047159,-0.090637,-0.094733,-0.066878
1,0.224331,-2.526254,-1.012429,-0.086653,-0.088859,-0.066124
3,0.175842,-0.603807,-0.249135,-0.048805,-0.007478,-0.052992
1,0.029277,-3.433746,-1.065957,-0.193725,-0.074845,-0.109571
1,0.173999,-2.754592,-0.968428,-0.087151,-0.076884,-0.074641
3,0.174793,-0.590665,-0.254518,-0.053121,-0.007304,-0.054634
3,0.284107,-2.565853,-0.658144,-0.122178,-0.177389,-0.087683
1,0.263166,-2.572617,-1.038493,-0.088645,-0.095206,-0.064705
1,0.229212,-2.668236,-0.898051,-0.077689,-0.077783,-0.083458
1,0.198032,-2.580548,-0.978141,-0.086155,-0.084956,-0.06297
2,0.098926,-3.038362,-1.130183,-0.173556,-0.143247,NaN
3,0.176605,-0.603283,-0.246268,-0.049967,-0.007768,-0.052532
1,0.193132,-2.60609,-0.975213,-0.086653,-0.08434,-0.063344
1,0.174648,-2.901183,-0.949471,-0.083665,-0.076399,-0.063358
3,0.157362,-0.770488,-0.304324,-0.051959,-0.027517,-0.053838
3,0.174285,-0.58523,-0.261166,-0.059263,-0.008925,-0.05713
3,0.156519,-0.744239,-0.33084,-0.051793,-0.022108,-0.058518
3,0.18067,-1.565435,-0.583977,-0.126328,-0.047074,-0.092005
3,0.193823,-1.466822,-0.522571,-0.143592,-0.111578,-0.093865
3,0.207979,-2.78969,-0.950218,-0.176793,-0.089258,-0.09819
1,0.307775,-2.83094,-0.879377,-0.082669,-0.064143,-0.062986
1,0.268195,-3.248137,-1.164505,-0.100598,-0.103265,-0.07706
3,0.169382,-1.601911,-0.452265,-0.11006,-0.08044,-0.07683
1,0.356969,-2.801514,-1.211114,-0.127988,-0.121574,-0.078528
2,0.213517,-2.726422,-0.698447,-0.068974,-0.073699,-0.082061
3,0.148374,-2.960265,-1.113429,-0.182769,-0.135374,-0.098358
3,0.185469,-3.248352,-0.986359,-0.139276,-0.1225,-0.099962
2,0.166912,-2.883024,-0.874253,-0.159612,-0.195875,-0.092747
3,0.18123,-0.530584,-0.252853,-0.063579,-0.008594,-0.054192
1,0.216189,-2.530142,-1.000804,-0.090139,-0.089125,-0.061719
1,0.276506,-2.987914,-0.983239,-0.076693,-0.076667,-0.073092
3,0.141316,-1.059638,-0.355153,-0.050299,-0.02699,-0.059173
2,0.24984,-3.245344,-1.417001,-0.150398,-0.101736,-0.089485
2,0.208493,-2.932123,-0.672851,-0.058765,-0.056327,-0.077027
2,0.214903,-2.842162,-0.735404,-0.06997,-0.060808,-0.077234
3,0.199578,-1.17128,-0.389432,-0.108566,-0.075419,-0.089375
3,0.157187,-1.193361,-0.479546,-0.083665,-0.031629,-0.077723
1,0.267175,-2.651602,-1.105277,-0.095618,-0.101471,-0.069834
2,0.255945,-2.511194,-0.894369,-0.161106,-0.177539,-0.095085
3,0.213929,-0.775067,-0.366621,-0.072211,-0.01003,-0.056676
1,0.452294,-2.640321,-1.167879,-0.11255,-0.111803,-0.098449
1,0.283883,-2.497458,-1.054531,-0.090637,-0.099747,-0.070814
1,0.131336,-2.952694,-1.156577,-0.073705,-0.121685,-0.089528
2,0.183599,-2.427265,-0.860584,-0.163347,-0.163024,-0.101107
3,0.152325,-0.855513,-0.324585,-0.046647,-0.028357,-0.057612
2,0.323321,-2.767119,-0.894183,-0.165588,-0.160488,-0.09443
3,0.177167,-2.12399,-0.580653,-0.141932,-0.105185,-0.099488
3,0.136223,-1.950089,-0.612206,-0.179615,-0.096962,-0.090896
3,0.183624,-0.609358,-0.247171,-0.049469,-0.007999,-0.05451
3,0.183658,-0.609359,-0.247156,-0.049469,-0.008002,-0.054524
3,0.145461,-1.239724,-0.365355,-0.040173,-0.040347,-0.061239
2,0.257441,-3.337247,-1.023554,-0.157869,-0.263508,-0.096404
3,0.206002,-2.528866,-0.81592,-0.145584,-0.138672,-0.099097
3,0.200683,-0.742091,-0.335481,-0.051129,-0.023351,-0.062849
3,0.183633,-2.778017,-0.648192,-0.105412,-0.11895,-0.101428
1,0.254246,-2.729259,-0.930454,-0.082171,-0.075995,-0.080177
3,0.200383,-1.723661,-0.424668,-0.085989,-0.064414,-0.080346
2,0.194747,-2.72557,-0.720775,-0.070717,-0.07247,-0.079859
3,0.18547,-0.610106,-0.248712,-0.049469,-0.00795,-0.055027
3,0.173255,-2.040389,-0.680831,-0.153054,-0.070151,-0.09599
1,0.267,-2.779337,-1.092418,-0.095618,-0.101944,-0.067524
1,0.213137,-2.523266,-0.974688,-0.082171,-0.083826,-0.079546
2,0.245271,-2.799406,-0.935445,-0.165339,-0.260242,-0.098855
3,0.186072,-0.610226,-0.249107,-0.049469,-0.00797,-0.055174
3,0.181462,-0.568945,-0.253955,-0.057105,-0.008171,-0.055576
2,0.148456,-2.835875,-0.892795,-0.045568,-0.096736,-0.086768
3,0.17517,-0.835801,-0.285578,-0.054117,-0.016594,-0.057016
3,0.189951,-2.931635,-0.725991,-0.104914,-0.138205,-0.101892
3,0.164228,-1.764769,-0.372629,-0.054449,-0.02607,-0.05797
3,0.162717,-1.882979,-0.433455,-0.049303,-0.027404,-0.067261
3,0.189956,-0.53999,-0.280939,-0.068725,-0.009812,-0.054406
1,0.220999,-2.484941,-1.019546,-0.072709,-0.089436,-0.07623
2,0.280525,-2.675807,-0.916116,-0.165837,-0.246158,-0.09766
2,0.220588,-2.529205,-0.938513,-0.16509,-0.274083,-0.104201
1,0.219872,-2.56081,-1.021998,-0.088147,-0.089166,-0.067827
2,0.211335,-3.2437,-1.000932,-0.078934,-0.099461,-0.086222
3,0.186166,-0.610304,-0.252653,-0.049635,-0.008051,-0.055394
1,0.268829,-2.986828,-0.937555,-0.073705,-0.077802,-0.067565
2,0.193241,-2.429611,-0.920179,-0.162102,-0.112115,-0.079884
3,0.177991,-0.602205,-0.275979,-0.051793,-0.011732,-0.061215
3,0.169638,-0.745765,-0.335684,-0.060259,-0.022188,-0.062886
3,0.182267,-0.614383,-0.266611,-0.059927,-0.008778,-0.058082
3,0.184749,-0.594501,-0.272466,-0.059595,-0.008643,-0.058783
1,0.239849,-3.059497,-1.184884,-0.070717,-0.13194,-0.09398
2,0.221712,-3.33727,-0.772978,-0.082669,-0.06756,-0.078515
3,0.146345,-1.613786,-0.536498,-0.12915,-0.090049,-0.08628
3,0.186112,-0.578527,-0.269783,-0.060591,-0.008552,-0.058485
3,0.151421,-0.925978,-0.372269,-0.058599,-0.029768,-0.06271
1,0.281848,-2.53352,-1.059839,-0.090139,-0.098497,-0.070497
3,0.212314,-1.868353,-0.548016,-0.065737,-0.051728,-0.075729
1,0.25531,-2.718246,-0.930965,-0.081175,-0.07339,-0.077344
3,0.159383,-2.425357,-0.853375,-0.145584,-0.145082,-0.107039
3,0.180694,-0.601744,-0.250798,-0.057603,-0.009458,-0.057119
1,0.196212,-3.003512,-0.96206,-0.082669,-0.077761,-0.068941
3,0.161123,-2.711876,-0.681189,-0.12251,-0.185647,-0.086757
3,0.183532,-1.479181,-0.4859,-0.11006,-0.081061,-0.081171
3,0.212015,-3.124364,-0.909207,-0.187251,-0.139237,-0.097343
3,0.11413,-1.3709,-0.507171,-0.128486,-0.051928,-0.097777
3,0.197157,-2.872212,-0.74416,-0.061421,-0.091741,-0.097985
1,0.271289,-2.577965,-1.047817,-0.089143,-0.095002,-0.074493
3,0.186709,-0.598842,-0.267416,-0.057769,-0.008156,-0.058353
3,0.223628,-2.243345,-0.661391,-0.09844,-0.082238,-0.088309
3,0.161949,-0.810213,-0.307045,-0.050133,-0.022289,-0.061015
2,0.222334,-2.456083,-0.63275,-0.076195,-0.060864,-0.064851
1,0.260261,-2.865511,-0.900144,-0.090637,-0.079856,-0.076253
1,0.196956,-2.864994,-0.899671,-0.071713,-0.070934,-0.071706
3,0.174906,-1.850819,-0.638688,-0.113712,-0.074591,-0.099018
3,0.189003,-0.610153,-0.253673,-0.050797,-0.007989,-0.055697
1,0.234937,-2.12552,-0.860983,-0.092131,-0.089155,-0.075071
1,0.267294,-2.670129,-1.069933,-0.094124,-0.100048,-0.066606
1,0.220155,-2.633855,-0.843733,-0.078685,-0.075041,-0.079018
1,0.22435,-2.421734,-0.986966,-0.084661,-0.086484,-0.082865
1,0.271383,-2.530603,-1.030753,-0.090139,-0.097094,-0.076948
2,0.191837,-2.746322,-0.873286,-0.163098,-0.166237,-0.102331
1,0.120892,-2.666798,-1.018296,-0.057271,-0.07819,-0.086481
2,0.220342,-2.909958,-0.68447,-0.071713,-0.068675,-0.083875
1,0.218182,-2.658281,-1.002129,-0.087151,-0.087144,-0.065083
3,0.190488,-0.611759,-0.254486,-0.051129,-0.008149,-0.056185
2,0.251087,-2.762232,-0.942925,-0.163845,-0.275512,-0.101726
2,0.316887,-2.522125,-0.834611,-0.167082,-0.234038,-0.092105
1,0.206671,-2.576045,-1.004673,-0.087649,-0.088901,-0.065281
1,0.107253,-2.63243,-1.158502,-0.078685,-0.103875,-0.084056
3,0.196059,-0.582304,-0.262336,-0.056939,-0.0088,-0.056818
3,0.190135,-0.610242,-0.255965,-0.051959,-0.008188,-0.056509
3,0.219997,-3.139679,-0.619151,-0.077025,-0.041356,-0.060073
1,0.238192,-2.724823,-0.881251,-0.081673,-0.073508,-0.078907
3,0.190977,-0.612759,-0.255049,-0.051295,-0.008162,-0.056326
1,0.242105,-2.6134,-1.060017,-0.074701,-0.093707,-0.077047
3,0.192168,-0.597401,-0.258941,-0.056109,-0.008427,-0.057314
2,0.177183,-2.692334,-0.889531,-0.163596,-0.171277,-0.099669
1,0.228176,-3.427196,-0.972478,-0.081673,-0.070645,-0.06596
3,0.160561,-1.321548,-0.464586,-0.099768,-0.033189,-0.063414
1,0.223,-2.126683,-0.764999,-0.085159,-0.072708,-0.059776
3,0.17492,-1.856028,-0.584306,-0.147908,-0.108916,-0.097012
1,0.202864,-4.014228,-1.002366,-0.084661,-0.078618,-0.075561
1,0.272996,-2.542081,-1.047944,-0.090139,-0.097939,-0.073483
3,0.176297,-2.40726,-0.833442,-0.142596,-0.090875,-0.099368
2,0.24684,-2.963714,-0.73488,-0.08989,-0.049872,-0.072701
3,0.259023,-2.33872,-0.791126,-0.189575,-0.157476,NaN
1,0.420244,-2.505078,-1.098361,-0.110558,-0.110628,-0.097052
2,0.291622,-3.17494,-0.945531,-0.166086,-0.276994,-0.098591
3,0.32829,-2.50713,-0.809818,-0.160027,-0.134913,-0.100276
1,0.242589,-2.81464,-0.945786,-0.068725,-0.075315,-0.069908
1,0.220319,-2.558106,-1.006612,-0.088147,-0.090864,-0.064804
1,0.244574,-2.706022,-0.957403,-0.068227,-0.072709,-0.068753
3,0.195736,-2.887555,-0.868489,-0.150398,-0.162415,-0.103201
3,0.192167,-0.832348,-0.36553,-0.083333,-0.00988,-0.050411
1,0.252418,-2.323024,-0.782448,-0.085657,-0.070278,-0.058715
2,0.161228,-3.032722,-0.896844,-0.152639,-0.24641,NaN
3,0.16015,-1.020606,-0.341052,-0.054283,-0.02581,-0.059521
3,0.193702,-0.614912,-0.254034,-0.053453,-0.008636,-0.057682
2,0.25165,-3.319405,-1.007957,-0.159861,-0.265572,-0.098095
2,0.449041,-3.005768,-1.157038,-0.164592,-0.143021,-0.098442
1,0.294089,-3.475254,-1.151298,-0.10757,-0.092777,-0.079859
3,0.217601,-2.670295,-0.892306,-0.148406,-0.171806,-0.10119
1,0.231829,-2.713835,-0.941506,-0.081673,-0.074026,-0.081963
1,0.311946,-2.239026,-0.864832,-0.081175,-0.105438,-0.084256
2,0.231525,-2.668964,-0.711993,-0.084163,-0.04294,-0.051673
3,0.189499,-2.064966,-0.613655,-0.092795,-0.042571,-0.083148
1,0.234372,-2.57392,-1.032451,-0.090139,-0.092723,-0.066575
1,0.381092,-2.598859,-0.96605,-0.10259,-0.102228,-0.092004
1,0.292987,-2.578413,-1.052099,-0.092629,-0.100287,-0.073164
1,0.225596,-2.457801,-0.973002,-0.085657,-0.087658,-0.077573
1,0.248991,-2.519786,-1.041691,-0.091633,-0.096575,-0.067787
2,0.295814,-2.517596,-0.789601,-0.166584,-0.193936,-0.092294
3,0.299092,-2.581086,-0.684092,-0.134628,-0.12516,-0.083349
1,0.179236,-3.5835,-0.973528,-0.083665,-0.077028,-0.05833
2,0.209338,-2.326344,-0.747296,-0.076195,-0.060908,-0.076711
3,0.170601,-2.229219,-0.509042,-0.061255,-0.027633,-0.065544
1,0.286526,-2.973489,-0.980787,-0.092131,-0.081741,-0.079769
1,0.365787,-2.264767,-0.944781,-0.10757,-0.097328,-0.083634
3,0.165589,-3.299413,-1.162336,-0.193393,-0.149541,-0.101691
1,0.266142,-2.341765,-0.82619,-0.091633,-0.090897,-0.07721
1,0.1916,-2.746935,-1.012702,-0.067729,-0.088749,-0.077885
1,0.284769,-2.59798,-1.058753,-0.091633,-0.101861,-0.07409
1,0.381584,-2.508841,-1.047339,-0.10757,-0.110309,-0.089768
1,0.254925,-3.816923,-1.01851,-0.081673,-0.073996,-0.081149
3,0.195512,-0.646618,-0.256765,-0.055113,-0.009151,-0.058708
2,0.245321,-2.708739,-0.873515,-0.163845,-0.165576,-0.099352
3,0.167496,-2.221589,-0.520666,-0.064409,-0.029261,-0.070136
1,0.30728,-3.133717,-0.867755,-0.090637,-0.097313,-0.083668
1,0.246081,-2.418838,-1.007961,-0.088147,-0.09027,-0.080867
1,0.352847,-2.642724,-1.049251,-0.112052,-0.115656,-0.089586
1,0.214267,-2.424101,-0.966989,-0.086653,-0.086432,-0.08742
1,0.242847,-2.597774,-0.99304,-0.086653,-0.086528,-0.069236
1,0.211111,-2.580188,-1.027444,-0.091633,-0.090593,-0.063231
1,0.30118,-2.932487,-1.057117,-0.099104,-0.110441,-0.080365
1,0.39866,-2.712829,-1.081983,-0.109562,-0.113805,-0.095837
2,0.232903,-2.964668,-0.669368,-0.075946,-0.063027,-0.076531
3,0.196035,-2.50553,-0.619191,-0.068061,-0.045565,-0.071203
2,0.3504,-2.515587,-0.874126,-0.16509,-0.244204,-0.098686
1,0.269672,-3.240311,-1.099778,-0.099104,-0.106295,-0.08095
3,0.196818,-0.622893,-0.256788,-0.059263,-0.009569,-0.060037
1,0.352611,-2.888173,-1.207816,-0.112052,-0.113678,-0.093806
1,0.287338,-2.923461,-0.882897,-0.093127,-0.088948,-0.078441
3,0.204985,-2.750455,-0.653814,-0.144588,-0.146985,-0.099933
2,0.209442,-2.452385,-0.681735,-0.076195,-0.064564,-0.081613
1,0.219144,-2.416306,-0.974057,-0.087151,-0.087445,-0.08719
3,0.210393,-0.697823,-0.355896,-0.079847,-0.009297,-0.059047
3,0.137268,-2.794896,-0.718692,-0.051461,-0.137976,-0.087917
1,0.220619,-3.269679,-0.998897,-0.086653,-0.085032,-0.081211
1,0.245567,-2.463565,-0.982401,-0.086653,-0.088963,-0.078365
1,0.226295,-2.647024,-1.051836,-0.093625,-0.09294,-0.068534
1,0.198198,-3.448148,-0.991016,-0.087649,-0.073536,-0.057766
2,0.24068,-2.884708,-0.710566,-0.070966,-0.061527,-0.083776
3,0.153828,-3.137809,-0.895427,-0.144256,-0.146039,-0.095267
1,0.21676,-3.181117,-0.986351,-0.086155,-0.078776,-0.076942
1,0.203519,-2.62207,-0.749181,-0.082669,-0.078236,-0.088143
2,0.265131,-2.547544,-0.936057,-0.164343,-0.242235,-0.098775
3,0.198015,-3.476508,-0.938912,-0.109894,-0.190122,-0.106034
2,0.168096,-3.102775,-0.698724,-0.058267,-0.04188,-0.064924
3,0.197417,-0.625175,-0.261328,-0.061919,-0.009804,-0.061415
3,0.157859,-3.207336,-1.209982,-0.172809,-0.103865,-0.100081
1,0.250458,-3.269394,-1.030414,-0.091633,-0.093263,-0.072474
3,0.135618,-2.479473,-0.618154,-0.101428,-0.050653,-0.079729
2,0.22031,-3.183784,-0.720033,-0.083914,-0.055176,-0.07834
1,0.179915,-2.629951,-0.957016,-0.085657,-0.081218,-0.062444
3,0.166804,-3.50505,-0.880996,-0.157537,-0.127053,-0.093447
3,0.15724,-3.297523,-1.264855,-0.159031,-0.190311,-0.098635
3,0.167517,-1.461841,-0.460861,-0.073207,-0.027607,-0.061705
1,0.329873,-2.883834,-1.007312,-0.097112,-0.090932,-0.085093
1,0.269637,-2.457014,-0.965234,-0.093625,-0.102507,-0.075936
1,0.451824,-2.561142,-1.024429,-0.104084,-0.087521,-0.087446
3,0.219733,-2.939513,-0.686294,-0.146082,-0.150545,-0.097537
1,0.231112,-3.058479,-1.064148,-0.104084,-0.088614,-0.056843
1,0.286523,-2.651095,-0.786586,-0.086653,-0.068681,-0.056776
1,0.299413,-2.985117,-0.89829,-0.090637,-0.093042,-0.081911
1,0.294315,-2.55386,-1.053137,-0.092629,-0.101083,-0.073197
3,0.194561,-0.7803,-0.266914,-0.060923,-0.01055,-0.060932
3,0.214289,-0.720135,-0.294323,-0.065903,-0.011914,-0.063383
1,0.310253,-2.757493,-0.959055,-0.1001,-0.106373,-0.081034
3,0.223052,-1.05041,-0.396399,-0.080677,-0.011084,-0.067021
1,0.340013,-2.191502,-1.054665,-0.110558,-0.113538,-0.082021
1,0.457667,-2.764709,-1.217776,-0.119522,-0.108816,-0.094921
1,0.246775,-2.614629,-1.039734,-0.090139,-0.096179,-0.067586
1,0.325646,-2.986367,-0.984906,-0.091135,-0.088152,-0.085533
1,0.22319,-2.671649,-0.987216,-0.086653,-0.084685,-0.063103
1,0.209075,-2.708529,-0.985751,-0.091135,-0.081723,-0.061213
3,0.201316,-1.242194,-0.39394,-0.082171,-0.016668,-0.06605
1,0.443385,-3.08355,-1.143036,-0.103088,-0.052395,-0.084064
3,0.193808,-0.631755,-0.27666,-0.066567,-0.010466,-0.063641
2,0.389179,-2.58582,-1.042086,-0.195966,-0.195381,NaN
1,0.321892,-2.822057,-1.014297,-0.097112,-0.090788,-0.087753
3,0.170115,-2.684134,-0.658297,-0.034197,-0.126709,-0.081346
1,0.290762,-2.549289,-1.066401,-0.092629,-0.104549,-0.084729
3,0.195753,-1.033937,-0.43871,-0.110226,-0.067118,-0.090222
3,0.161855,-1.713688,-0.724128,-0.132304,-0.102905,-0.093252
1,0.31004,-2.733286,-0.90653,-0.086155,-0.072977,-0.063074
1,0.318867,-2.406118,-0.860909,-0.093127,-0.106592,-0.084674
1,0.223118,-2.725809,-0.878328,-0.081673,-0.076193,-0.088757
3,0.195155,-1.504112,-0.456282,-0.109894,-0.102537,-0.101593
1,0.223206,-2.410574,-0.965809,-0.087151,-0.090159,-0.089008
1,0.346024,-2.744554,-1.019179,-0.11006,-0.11436,-0.087804
2,0.160596,-3.235808,-0.977603,-0.123755,-0.074303,-0.090963
1,0.214213,-2.848001,-0.958622,-0.082669,-0.071455,-0.084582
1,0.244086,-3.037793,-1.049478,-0.092131,-0.098185,-0.073417
1,0.25563,-2.931187,-1.059258,-0.09761,-0.085118,-0.061644
3,0.186783,-0.638192,-0.287772,-0.070219,-0.010654,-0.064573
3,0.182115,-0.712298,-0.291429,-0.066069,-0.011368,-0.062957
1,0.253463,-2.866195,-0.923166,-0.070717,-0.076867,-0.078578
1,0.217966,-2.435679,-0.960013,-0.086653,-0.089764,-0.089147
2,0.207616,-3.035026,-0.711179,-0.07993,-0.054871,-0.073417
1,0.327295,-2.133962,-0.947538,-0.093127,-0.09347,-0.091303
2,0.201461,-2.828825,-0.906166,-0.165837,-0.14221,-0.098992
1,0.28594,-3.036582,-0.958265,-0.088147,-0.070273,-0.073603
1,0.299858,-3.156696,-1.208499,-0.10508,-0.109678,-0.080654
1,0.342112,-2.860863,-0.965642,-0.094124,-0.095282,-0.090454
1,0.28697,-2.879705,-1.115165,-0.097112,-0.09836,-0.071129
3,0.217398,-1.311858,-0.454671,-0.1001,-0.072048,-0.083728
1,0.450951,-2.902558,-1.235706,-0.11006,-0.059092,-0.093943
1,0.226862,-3.252799,-0.981126,-0.085657,-0.078674,-0.06176
3,0.147302,-2.851604,-0.7263,-0.108068,-0.041827,-0.073078
1,0.367171,-3.172152,-0.918175,-0.091135,-0.083153,-0.076544
1,0.253787,-2.509013,-1.041287,-0.092131,-0.096502,-0.068731
1,0.426878,-2.293709,-1.082962,-0.116534,-0.078311,-0.091844
1,0.22288,-2.607256,-1.032641,-0.093127,-0.094373,-0.063568
1,0.27155,-3.154805,-1.086479,-0.096614,-0.104072,-0.073191
1,0.304437,-3.161713,-0.97285,-0.084661,-0.083729,-0.082277
2,0.114369,-2.446204,-0.954161,-0.057271,-0.192976,-0.103492
1,0.461117,-3.018394,-1.128366,-0.099602,-0.053044,-0.089226
2,0.281989,-3.117051,-0.931254,-0.163596,-0.28025,-0.096345
1,0.229427,-2.449026,-0.983335,-0.089143,-0.093408,-0.090603
1,0.37855,-2.652995,-1.17295,-0.062749,-0.051941,-0.078224
1,0.460328,-3.081209,-1.22946,-0.111056,-0.053482,-0.081875
1,0.260403,-2.859703,-1.047812,-0.090637,-0.098029,-0.07389
1,0.275799,-2.476036,-1.007284,-0.091135,-0.09502,-0.080943
2,0.240113,-2.403526,-0.691729,-0.085906,-0.06211,-0.083509
3,0.21102,-2.675466,-0.676446,-0.119024,-0.12212,-0.103075
1,0.270386,-2.55149,-1.041035,-0.091633,-0.101084,-0.090221
3,0.329846,-2.468939,-0.667365,-0.153386,-0.138968,-0.097934
1,0.230215,-3.066938,-0.974594,-0.081175,-0.074373,-0.087358
1,0.303137,-2.859494,-0.946595,-0.086155,-0.08387,-0.08084
2,0.210362,-2.802534,-0.732949,-0.083665,-0.055514,-0.07483
3,0.224231,-1.314805,-0.445782,-0.096614,-0.070195,-0.083951
1,0.372499,-2.421,-1.050615,-0.108068,-0.111977,-0.093119
1,0.251012,-2.728781,-0.937474,-0.083167,-0.075546,-0.070297
3,0.217287,-1.379598,-0.477229,-0.109728,-0.097333,-0.104477
1,0.226733,-2.520318,-1.005897,-0.087151,-0.090181,-0.062192
2,0.148229,-3.003486,-0.707137,-0.086902,-0.046668,-0.075307
1,0.440483,-3.086204,-1.272274,-0.096116,-0.055518,-0.082768
1,0.305807,-2.510086,-0.975099,-0.106076,-0.112724,-0.081124
1,0.181606,-2.866196,-0.968669,-0.083665,-0.079997,-0.064249
1,0.227437,-2.757051,-0.975237,-0.083167,-0.082719,-0.083626
2,0.173091,-3.215725,-0.719488,-0.067231,-0.044027,-0.069404
2,0.280634,-2.677175,-0.909013,-0.164094,-0.188354,-0.094291
1,0.318152,-2.656413,-0.925311,-0.090139,-0.092792,-0.086605
1,0.305858,-2.498015,-0.89621,-0.098108,-0.107434,-0.084078
3,0.22247,-2.905967,-0.82537,-0.150398,-0.184017,NaN
1,0.225396,-2.695922,-0.975041,-0.088147,-0.085158,-0.084653
2,0.174077,-3.350972,-0.739981,-0.069223,-0.047269,-0.069055
1,0.246532,-2.445869,-1.004074,-0.089143,-0.097079,-0.0908
1,0.429541,-2.572533,-1.073376,-0.106076,-0.112928,-0.098621
1,0.262643,-2.446665,-1.025254,-0.091633,-0.096619,-0.075294
1,0.254292,-2.481221,-1.009314,-0.089143,-0.097352,-0.090026
3,0.210178,-1.404217,-0.534636,-0.11421,-0.08056,-0.093431
1,0.282435,-2.908207,-1.092961,-0.094124,-0.107213,-0.078106
1,0.277026,-2.804625,-1.110458,-0.099104,-0.103119,-0.068966
1,0.241883,-2.594918,-0.990331,-0.088645,-0.090468,-0.084292
1,0.245696,-2.496,-1.040092,-0.089641,-0.09508,-0.065858
3,0.218908,-1.196376,-0.448785,-0.115206,-0.070164,-0.093416
1,0.232176,-2.583123,-0.98217,-0.087151,-0.088821,-0.086253
1,0.267887,-2.465452,-1.064175,-0.09512,-0.099847,-0.067424
1,0.358798,-2.638043,-1.0266,-0.1001,-0.102387,-0.09082
1,0.319596,-3.119001,-0.847042,-0.089641,-0.060602,-0.051236
1,0.369984,-2.983922,-1.082774,-0.104582,-0.09379,-0.08471
1,0.409589,-2.642672,-1.175438,-0.105578,-0.045724,-0.088201
1,0.270979,-3.409133,-1.060797,-0.091633,-0.100741,-0.072685
1,0.27483,-2.540923,-1.08809,-0.097112,-0.103265,-0.071688
2,0.192708,-2.855928,-0.790377,-0.119024,-0.05817,-0.073598
2,0.244441,-2.974936,-0.922189,-0.165339,-0.252959,-0.102977
1,0.362445,-2.464279,-0.937542,-0.101096,-0.108513,-0.094664
1,0.221045,-2.512909,-0.96816,-0.086653,-0.089932,-0.09096
1,0.271512,-2.932545,-0.988188,-0.091633,-0.099443,-0.072447
3,0.214881,-0.716286,-0.337561,-0.077523,-0.009926,-0.05778
1,0.286868,-2.565273,-1.013887,-0.09761,-0.108689,-0.076433
1,0.28011,-2.770913,-1.082834,-0.096116,-0.103384,-0.071824
1,0.268903,-2.137623,-0.840511,-0.092131,-0.095636,-0.086344
2,0.173642,-3.089337,-0.725471,-0.066982,-0.043623,-0.070473
1,0.334367,-2.49578,-1.097627,-0.111554,-0.11883,-0.085971
3,0.192114,-2.790456,-0.711928,-0.113546,-0.136628,-0.094392
3,0.158825,-3.295175,-1.028132,-0.144754,-0.08113,-0.095254
3,0.174825,-1.493726,-0.469369,-0.061919,-0.020028,-0.064387
1,0.278909,-2.634691,-1.052356,-0.091633,-0.101689,-0.089665
3,0.179999,-1.778186,-0.526456,-0.128984,-0.037368,-0.074812
2,0.381476,-3.251366,-1.138538,-0.16758,-0.132298,-0.090061
1,0.284221,-2.964969,-1.122249,-0.101096,-0.107645,-0.072459
3,0.179209,-1.736978,-0.502655,-0.10176,-0.039948,-0.076422
1,0.21297,-2.609303,-0.982314,-0.085159,-0.082655,-0.060609
1,0.282602,-2.999063,-0.959589,-0.087649,-0.070685,-0.074007
1,0.230402,-2.852409,-0.974576,-0.084661,-0.085414,-0.08345
1,0.267986,-2.640697,-1.053598,-0.093625,-0.100458,-0.077196
1,0.341682,-2.453035,-0.968261,-0.107072,-0.110033,-0.088934
1,0.365061,-3.079148,-1.187364,-0.072211,-0.060174,-0.089092
1,0.290586,-3.021843,-1.093501,-0.096614,-0.111692,-0.092227
1,0.291136,-2.502527,-0.958615,-0.102092,-0.081187,-0.081307
3,0.151162,-2.733734,-0.701866,-0.093459,-0.088484,-0.094574
1,0.293008,-3.069181,-0.937853,-0.088645,-0.08792,-0.083163
3,0.157635,-3.235606,-0.719621,-0.091135,-0.029572,-0.060957
1,0.256249,-2.531462,-1.022869,-0.089641,-0.100875,-0.090933
1,0.339875,-2.754947,-0.978571,-0.098108,-0.106209,-0.095866
3,0.184824,-1.397522,-0.415158,-0.111388,-0.031748,-0.072708
3,0.186479,-2.975606,-0.677949,-0.026892,-0.13975,-0.079322
3,0.227483,-0.814289,-0.395771,-0.073539,-0.010763,-0.063766
1,0.198063,-3.361653,-0.960965,-0.073705,-0.071577,-0.093768
2,0.219059,-2.797341,-0.956173,-0.16758,-0.252386,-0.103449
1,0.270115,-2.735877,-1.063769,-0.094124,-0.104162,-0.07665
2,0.149755,-2.906023,-0.731998,-0.121514,-0.051259,-0.074757
1,0.388228,-2.761755,-1.166693,-0.106574,-0.11286,-0.102978
1,0.284544,-2.473735,-1.059613,-0.091135,-0.104146,-0.081105
1,0.312869,-2.417026,-0.892551,-0.095618,-0.102844,-0.09066
3,0.255593,-3.368715,-0.998974,-0.077855,-0.109,-0.088362
3,0.274984,-2.957688,-0.79966,-0.158367,-0.076502,-0.093442
3,0.200104,-2.062131,-0.760894,-0.113546,-0.056681,-0.076846
1,0.281341,-3.095681,-1.005108,-0.083167,-0.078308,-0.080676
1,0.311182,-2.508969,-0.855438,-0.093625,-0.101611,-0.079552
1,0.243114,-2.864966,-0.996997,-0.084661,-0.08788,-0.082268
1,0.350056,-2.808022,-1.009567,-0.10259,-0.110528,-0.09217
1,0.339023,-2.565345,-0.97861,-0.099602,-0.108593,-0.098374
1,0.308594,-2.42157,-0.849452,-0.089641,-0.097709,-0.0841
3,0.195851,-2.711167,-0.730658,-0.050963,-0.143842,-0.092118
1,0.443582,-2.574678,-1.24517,-0.082669,-0.050929,-0.08336
1,0.223108,-2.50132,-0.997474,-0.088645,-0.090798,-0.07416
3,0.195561,-2.312297,-0.433541,-0.084661,-0.022631,-0.054368
3,0.408727,-2.495302,-0.771791,-0.138612,-0.1192,-0.092803
1,0.370822,-2.529437,-1.022676,-0.100598,-0.107216,-0.096987
1,0.387857,-3.095066,-1.122797,-0.102092,-0.108304,-0.098345
2,0.161736,-3.544153,-0.840791,-0.087151,-0.044511,-0.071292
1,0.423399,-2.395318,-1.017594,-0.110558,-0.093479,-0.092575
1,0.285217,-2.793361,-1.13763,-0.098606,-0.105141,-0.074912
3,0.368791,-4.193635,-1.178146,-0.180611,-0.234674,-0.108554
2,0.214404,-3.225928,-0.70796,-0.082669,-0.05323,-0.076603
1,0.369748,-2.994374,-1.028901,-0.096614,-0.100544,-0.099268
1,0.399675,-2.940717,-1.342734,-0.108068,-0.080665,-0.092993
1,0.28319,-2.158013,-0.918978,-0.1001,-0.092745,-0.068686
2,0.294116,-3.215686,-0.947851,-0.167082,-0.26528,-0.096287
1,0.32814,-2.348983,-0.856251,-0.093625,-0.103714,-0.083367
1,0.242371,-3.07401,-1.028162,-0.1001,-0.090181,-0.058941
1,0.067769,-2.648727,-1.052074,-0.084661,-0.061578,-0.092481
1,0.262058,-3.034339,-1.017676,-0.090139,-0.095278,-0.087126
1,0.259512,-2.646916,-1.057689,-0.096116,-0.092161,-0.071735
1,0.243583,-2.556654,-1.035236,-0.092629,-0.094552,-0.063978
3,0.108771,-1.84424,-0.625502,-0.150398,-0.082363,-0.084918
1,0.272087,-2.647768,-0.997124,-0.093625,-0.103725,-0.088863
