8.90159834356918e-05,0.710884276910267,0.173069412392096,0.504955187751938,0.673583532306214
0.000260855170530649,0.320410715042542,0.304862058908776,0.0706582953484205,0.609898270417548
0.000695103972078281,0.607435016165034,0.183119730988461,0.592919191548301,0.545912886195662
0.00289686184822668,0.946537898012442,0.0194917927014507,0.214352603814297,0.335098175840949
0.00637641023078572,0.57558928468062,0.30514318607763,0.753106898724697,0.617388763954745
0.00703669992094036,0.220165223866697,0.707609406590709,0.268948879578651,0.168512427287545
0.0077052847671536,0.798011250941417,0.748271712947556,0.429894235847257,0.485306895364261
0.00852193725918504,0.769330517932145,0.351522394642866,0.616282788890271,0.127067768373594
0.00863462136557691,0.784441413111423,0.864512967993011,0.464140322969328,0.174646608490432
0.00889723397954534,0.343963688281966,0.940153258292462,0.50907327902992,0.0251269331883593
0.00927391809591305,0.208744985543195,0.413824842108441,0.799034030595288,0.171469383296141
0.0095178987256791,0.399632174139783,0.890452286211106,0.608777321469076,0.283480366492016
0.0111677697481697,0.614155588162246,0.487228420517551,0.699889739577651,0.840995312544397
0.0138575768250171,0.646531020199834,0.469363970061087,0.226002187762493,0.611621744657112
0.0145863734915734,0.584552542229158,0.0728838912507408,0.364873259363617,0.506729645061984
0.0148627961322116,0.010175858945182,0.782152537870952,0.828730506887895,0.858085916286096
0.0148690366825931,0.0273687476054979,0.436586698162556,0.49853619674529,0.92016610016362
0.0148900082131522,0.408110649599894,0.488645734443052,0.788886748898314,0.280341753274966
0.0154476582463164,0.0247634387149843,0.459945273105568,0.746767448472435,0.0786386197013217
0.0157523069350503,0.0960244795324849,0.638923748179702,0.132130470911246,0.121735642299081
0.0179622413055945,0.545449335627208,0.288781946588738,0.246623649018418,0.302499087994426
0.0179688396310653,0.0978644229734044,0.938041475805194,0.850110997930701,0.0536941171904529
0.0186464848449687,0.621600567453236,0.84463194173241,0.82775013186447,0.949764495374922
0.0189378674782367,0.718534241606903,0.519826549216854,0.629484213729975,0.136395439397702
0.0190784299669665,0.00714197495850233,0.0542130057394555,0.437032740896536,0.257495133440266
0.0194343898051922,0.110447306861044,0.902925119282939,0.508241196713054,0.33894732428959
0.0204217614951548,0.340187157318059,0.958175537661443,0.19566058928756,0.131683750791789
0.0232211975966347,0.60735274434765,0.515590608565341,0.759161568301128,0.693282655112069
0.0238497596433673,0.625600056392859,0.725065986205818,0.360818241502539,0.960227492817496
0.0238854731844742,0.30994122999392,0.907040337537649,0.834622933076673,0.330011701173118
0.0242418385771282,0.240769579655034,0.520386194349656,0.0295161723505364,0.206387770951504
0.0246814022448006,0.490685670749715,0.967820799552412,0.787166466045777,0.661446714250263
0.0253340451044256,0.67681622658634,0.50917839903936,0.935637401517796,0.471146230276458
0.0257841558368984,0.0972636725529937,0.59615917974003,0.826467338719534,0.485250739926732
0.0258192482641476,0.393648952904216,0.769241439044804,0.43819527155361,0.428224336498126
0.0261759053584362,0.144311190410344,0.214640967396051,0.00606384495963352,0.586089706274874
0.026740709202532,0.893981323762822,0.0558452550345419,0.541156467644886,0.861088354928281
0.0289180925420336,0.106261719679747,0.41123220026496,0.082691545968604,0.440908959881184
0.0290768197651279,0.269575514209685,0.445623927363925,0.631388044045389,0.438373146306208
0.029416479877065,0.0380122580363678,0.255251450381098,0.0399414953913875,0.141789496281462
0.0297521187908203,0.00459360434395373,0.369055406474318,0.704968741364115,0.374360138093039
0.0301299972742376,0.401540205625168,0.440280771542163,0.203014359562667,0.50703144302524
0.0306556042449693,0.425709626784973,0.5300661096032,0.555577597221659,0.408386910747043
0.0308563198786532,7.02606509638271e-05,0.725752760954544,0.931478831273109,0.235876900650091
0.0309299369336496,0.268298765895231,0.468935089858187,0.211233003135498,0.0077822300572673
0.0335164097792511,0.813238457687556,0.69303580316046,0.0626960142135211,0.447392855916459
0.0344819532151366,0.667044704502124,0.23197620827449,0.201724141742876,0.406383401453808
0.0347183504662847,0.376202813132731,0.876254676284256,0.750670409873601,0.374246311460359
0.0355361484202162,0.20667350246779,0.300218158272779,0.242817315442618,0.216697932367009
0.0373662659169114,0.981665602559872,0.338064748642705,0.481757451678895,0.219837073696457
0.0396985204005581,0.0166803775926252,0.87344949814295,0.481249932607441,0.995195514105615
0.0412326589245212,0.941439399625806,0.648100699635131,0.894251779262979,0.220788923652274
0.0415993525173467,0.764278223471135,0.74781776511188,0.805960501451909,0.567846384923709
0.043299786169118,0.049699303638169,0.304441172973089,0.118023982623188,0.210306333287111
0.0440662224101041,0.309584364488481,0.219257236865375,0.827883707476496,0.719337934780301
0.045004448249091,0.593771407251358,0.100849056860381,0.918368291779864,0.17584603336588
0.0471459553099438,0.349953328021012,0.607712617246006,0.0584159458814885,0.161901392903929
0.0477706574946866,0.645361939256566,0.106124465172072,0.655102886737909,0.588561469425868
0.0490826014713077,0.359424082810482,0.527712285118239,0.104522115223072,0.448901901434686
0.0499055727055313,0.388271005969114,0.262978105723081,0.534773870148156,0.618924778123305
0.0502386763099912,0.398770447090456,0.741137892103085,0.985634194254939,0.443032939162917
0.0503524940495049,0.733362696825624,0.0271520129645229,0.0762294431350499,0.981916907295625
0.0524412345274602,0.883784126443769,0.712633901603284,0.738823686826319,0.691189229271193
0.0539048468490123,0.568113287842601,0.325151694004907,0.961277161583316,0.470425708481648
0.0552673585389177,0.588859679687696,0.0943068737715302,0.117205430154714,0.639930370392182
0.0558321937549995,0.869829858547889,0.169123576924318,0.289801740163327,0.644206311361358
0.055899271874001,0.456389502473899,0.250855042901307,0.52101569086757,0.483117658218534
0.0566966899581766,0.591666675318971,0.251758621650634,0.177416773225097,0.293278784780504
0.0567461275568246,0.780877963798827,0.852225217767729,0.0415207826942647,0.245917666364951
0.0582078244969975,0.07816846795587,0.921930576293345,0.64073932471876,0.334211696126535
0.0588276390680549,0.0033691934264205,0.900278066682986,0.657190066458505,0.199702249129722
0.0598496163161879,0.273170685145915,0.535120729712505,0.384150955598582,0.361853097379357
0.0600236559152354,0.192684623156822,0.187866127394795,0.166662406259431,0.437082481116893
0.0605134250619745,0.35447004066918,0.436895718503059,0.595155805599182,0.248482422458477
0.0634228372595661,0.243050642632938,0.759460401600067,0.66787732267887,0.0859194848713005
0.0642447538087859,0.941060182055896,0.636874186192189,0.544380154247748,0.610825949687488
0.0656724982252748,0.754378879728026,0.231141741381785,0.666115353714377,0.61386059505054
0.0662432918006509,0.411813042019929,0.625777035254523,0.378099511665477,0.645751100531398
0.0674461137917849,0.69759374178396,0.591482684426665,0.602386516706994,0.110705625079734
0.0676409487514369,0.241569248284151,0.330058787959299,0.128993041260436,0.942632406182967
0.0697697882311092,0.493572649725507,0.94887414013056,0.957692753154191,0.652081525715332
0.0705164910828937,0.237992440581033,0.101722418921063,0.930692657616977,0.0521505093155784
0.071834908309533,0.506751619087609,0.683065408830429,0.531514249243941,0.766768060920667
0.0718697755970464,0.0267598392921459,0.397420827099293,0.102763426671829,0.669193468169111
0.0723762491986621,0.485319557851113,0.539013920213969,0.975293398022476,0.208315555445146
0.0752005683697703,0.585140260127604,0.904127074398526,0.313435673302934,0.20938654847904
0.0760864589193043,0.440169171435722,0.459332366225958,0.746706917123192,0.906150634115906
0.076625110649079,0.24576182202781,0.407076533143994,0.431684367895932,0.406143089668485
0.0778284015888121,0.82006832483906,0.0877887731563458,0.70009360460331,0.408892933050312
0.0786198523470859,0.341097455013041,0.116034938528325,0.32454971751524,0.0987827711110292
0.0786346748632595,0.159978307447974,0.324986983453654,0.898026506709126,0.2185834125899
0.0788164973630092,0.329793416868381,0.101305687973029,0.153472770161465,0.0626255991383137
0.079004760725217,0.385879892626725,0.671173297416918,0.734389284920324,0.326217156572103
0.0793538091733186,0.645883779507662,0.882504945784612,0.98605646492184,0.189618227177975
0.0800111586678662,0.954526366192397,0.398367064139535,0.92412978138448,0.210647153317548
0.0805676568832787,0.79191190792567,0.533970326515391,0.714866114508951,0.754902740907117
0.0810886587320904,0.115336587352134,0.955128305970023,0.220030197105833,0.685315621928818
0.0814614251978483,0.0878551510562618,0.337372232977803,0.441096667616585,0.792562519354107
0.0814734662398937,0.0979779191677121,0.223420487495824,0.838488230140948,0.130916366315163
0.0818409262479641,0.737930806430807,0.94701355426604,0.972686200089076,0.537542223191153
0.0821587214201359,0.882789712518761,0.599083105821127,0.706077836757738,0.613864765292363
0.0848827780712836,0.489986781012221,0.476880141641489,0.480122010015046,0.994750591834159
0.0850785064114937,0.0735344904180074,0.48926891512772,0.385075878767233,0.662215360447538
0.0890543781818622,0.687924102304308,0.703805187352889,0.816340198541331,0.659341184259834
0.0916780067464865,0.236022456116171,0.00678194126805909,0.106338256052922,0.629524052851101
0.0932299868200384,0.606287214737918,0.898172311971638,0.0487174800041844,0.966571912566926
0.093233937019789,0.830640161087832,0.534646818915062,0.220624806883894,0.366971084916278
0.0933210352216629,0.858281244347888,0.416771050919451,0.542194249003883,0.456370455255218
0.0944274786091438,0.766331024429985,0.632368873728348,0.610264537979666,0.640056253376155
0.0946100322363238,0.630943387631282,0.210310646742894,0.128732263344334,0.152540095503124
0.0952627683681123,0.551465556329815,0.0454764331563404,0.777536281453543,0.680365514351822
0.0966363468817153,0.040042650394728,0.150116015220049,0.322498739172047,0.818320322737847
0.100158516082145,0.570332384497938,0.594666557339971,0.913453811472951,0.0262195967692186
0.100983542995495,0.377670384389884,0.768677360027649,0.265384268404268,0.929669348074345
0.10104677456651,0.733183181091036,0.306070907987052,0.385747734733797,0.432381178248802
0.101308500836591,0.452057047359726,0.843928120083632,0.892602735301347,0.970324158361631
0.101353212019747,0.84330239392576,0.345655294339593,0.910196621634692,0.81493251079315
0.102279555242489,0.510079725910721,0.621706102231186,0.78051492878948,0.0330008321070456
0.103230132429703,0.336071153323714,0.730756828265569,0.652659259481555,0.391641368887366
0.106750661663727,0.605325267733671,0.936962316174899,0.286163077001452,0.0668739600414979
0.107685623177518,0.646858622490599,0.788970526945116,0.555454031860841,0.86815118402594
0.108458077330826,0.107812258665461,0.323951744171924,0.282399827751482,0.515296236249035
0.108646270227394,0.591189735572906,0.00901745827702971,0.411236453370934,0.342846208359973
0.111087158527045,0.912803645297478,0.217436157710838,0.902474188299729,0.214478014236663
0.11159037338325,0.309989783697098,0.659889487202613,0.887498137898593,0.833589959460029
0.113997864648988,0.0914517743944392,0.244178041093522,0.264562676667796,0.33079827009126
0.114439620520798,0.883762145497225,0.48862927749971,0.0621234168692766,0.0335896223196844
0.115073935394135,0.663292744921091,0.073086860797593,0.126164966572996,0.0601728810384173
0.115129587656534,0.166437806630021,0.780892367414027,0.368254747431217,0.0389644876131549
0.115936884070751,0.201239844993438,0.567478340153144,0.79133895957124,0.373141767132931
0.116220449710662,0.485345571751595,0.368291142783557,0.955547170535556,0.755272448052324
0.117040319812544,0.291369256387895,0.644644489342671,0.279650436496267,0.508132007325918
0.119336032120018,0.321770064687923,0.297102450750003,0.635362887995652,0.675999874115613
0.119671157504084,0.88803754399546,0.0362763902580856,0.659769263952863,0.316379134170064
0.120674601432719,0.535313772787948,0.0197619612901836,0.695572187869537,0.968970008395478
0.120889619303585,0.62285064869631,0.404018260019854,0.939876937811068,0.601346094254829
0.124354043910244,0.893363970022434,0.314828670017582,0.683543705465102,0.120160149952966
0.124877044414676,0.91654985716382,0.526214560852746,0.668843730692296,0.401117836492822
0.126739107842297,0.888316654616343,0.600407500351151,0.0446696238732692,0.535120190236234
0.127723467094002,0.496528714068463,0.0428628361556463,0.858299166946022,0.256333841550158
0.128513348233833,0.195862462661189,0.481342368519864,0.88362269550079,0.691453098813723
0.128724832540048,0.938826545120144,0.685789575526426,0.971002979809595,0.119383120967445
0.129176300403452,0.200215829922983,0.475857710144297,0.991829829468103,0.937195575523914
0.129582432240684,0.827041644876579,0.190027809046715,0.480016831195868,0.764602370308821
0.131260028898856,0.779385204668588,0.553815498449399,0.172470281408444,0.290948730772037
0.131464787784357,0.646125491529177,0.614404770599109,0.822650675052788,0.739529750330297
0.133044583459622,0.733460316740176,0.0451092487106278,0.0491449094333751,0.191192603795677
0.133966105678184,0.881961532336157,0.657665715702006,0.24656086055619,0.989160720830219
0.134609260492325,0.625404182641001,0.426050105979764,0.455862510160389,0.357300705035804
0.135824589221803,0.10779234730228,0.897677117128261,0.993183755212665,0.0628762558931983
0.135943650190657,0.142824132227928,0.764176703620248,0.186738136073245,0.955603653434116
0.137155315532942,0.585674110311991,0.794921547968916,0.455232670087629,0.0562998612769433
0.13832771691239,0.842779084444054,0.348765660574067,0.358565625709114,0.934828315776462
0.139659015042569,0.880833084532577,0.988536344286592,0.717227171632155,0.355524975509097
0.14156748123215,0.660725417770123,0.0779686199278742,0.994062492960322,0.0874740675440413
0.142011443549023,0.255618231731193,0.00558112226984153,0.436234173008208,0.975956238113695
0.142246498113071,0.597613851687145,0.0780742575248091,0.0019245466318607,0.197762634604298
0.142514517556934,0.0203863534703393,0.911402101903129,0.151049538868845,0.0963341329941303
0.144762424745718,0.823172279483205,0.897062484963166,0.660336428092937,0.355914314193773
0.146259655090884,0.435214945171143,0.65223638867871,0.211824011789988,0.7942843836536
0.14781115536374,0.863867634289102,0.933940179367925,0.281336821162533,0.0479943403138646
0.149752074201497,0.4688548991388,0.243382618677917,0.693667946391772,0.105554849257096
0.151849633345938,0.775532080849597,0.792476901440052,0.653565004702233,0.51573554602372
0.152099956273812,0.0861796053600588,0.70247548464431,0.337114882844155,0.288737449408737
0.15231197775643,0.426527447710288,0.165891122085342,0.55158273200396,0.33339943713535
0.152703284564792,0.711500160423874,0.298808845557799,0.287751247312469,0.50154387632697
0.154593839817764,0.601611188055368,0.0262892797272799,0.679157649618103,0.418688452045263
0.155455797421629,0.927553137958054,0.596649124610099,0.356364595357585,0.584483044848704
0.158249736798077,0.593686745676459,0.621821192936434,0.259813565495272,0.19594288957914
0.160573597526479,0.980960067917655,0.550426888716037,0.525002112967555,0.53331264270668
0.164711562125754,0.914054034210805,0.289224862024986,0.97062424392806,0.0587383128869224
0.167972858419593,0.65222747374801,0.564840235265457,0.426215425372259,0.77214283878312
0.167981576494888,0.491203688530959,0.836510771646748,0.402108643857949,0.336154890392076
0.168070102311015,0.888948417525175,0.476376435669646,0.754337367579319,0.650629948128032
0.170208936858787,0.127767835277924,0.410567312449012,0.735093567145817,0.661033759829754
0.170392500862118,0.603397395502138,0.540162073918995,0.2203382404478,0.263581178572265
0.170469620820808,0.695289398523166,0.0488219833472131,0.790825634168463,0.615623896929065
0.170593046636282,0.00493932243497441,0.0538383478382951,0.471477646995295,0.258428445296645
0.172478324001365,0.494860164608991,0.178847600694052,0.933001566648586,0.501144071620637
0.173061082408738,0.992010282672365,0.760074517796761,0.898716437594415,0.701078867005602
0.175125904798296,0.0378412965054163,0.0784896107396063,0.555131164040551,0.370605944633525
0.176114251657706,0.378738421986569,0.480094642335568,0.93879585214302,0.619674794711139
0.176884429007977,0.206933822779016,0.731701094715264,0.99835602642921,0.744515378801041
0.177062066596412,0.126738675949934,0.120188971138821,0.54894334880604,0.829063366929745
0.178100354657261,0.963702869001799,0.875972868527746,0.264360294841675,0.781648862269082
0.180262133968697,0.238552855684971,0.246510340916772,0.575516673330638,0.608114181349688
0.181072044279788,0.732914767362224,0.53506134323565,0.211422430258003,0.693855425808869
0.18230695765641,0.942528214362927,0.443250295360651,0.742149511397706,0.969252776709913
0.183019317387167,0.137187421974728,0.0244699833220734,0.484388972423233,0.488619539455234
0.184340631152521,0.500819312276497,0.0767537345862533,0.56273411894192,0.81458040564826
0.185615868606856,0.053177558225919,0.0335012541173872,0.794306306226872,0.543023940750119
0.186054610125211,0.660157527673311,0.601176727619887,0.042720547860268,0.913664517168352
0.186402773848738,0.208208513575198,0.0144860561675039,0.831537125309564,0.225120852448046
0.186580384046202,0.679976722440047,0.256189214315397,0.514019357456591,0.620573635836441
0.187174131320456,0.41979729089607,0.579329289388906,0.369908146037757,0.852827587736811
0.18795219943332,0.438655678779185,0.683644298178902,0.69664525313009,0.899538852278359
0.188853701862766,0.0448125779585653,0.410448399698545,0.239034073525407,0.535552391452369
0.189125152331529,0.637769803608918,0.883071442682195,0.829997491112413,0.465017493979997
0.191103739299451,0.664736632915057,0.939693628311005,0.343545605630366,0.964120595947437
0.191281449822153,0.222155311725768,0.913589800435506,0.262326052549151,0.114835278208844
0.19244647774415,0.530430923250666,0.180845024472233,0.4417147592252,0.00902372872092816
0.195743209655017,0.837636930910624,0.344714491619246,0.350656734108598,0.0289597177906955
0.197271748490752,0.820848365714427,0.675066488042303,0.794998307857391,0.179503067177272
0.199452943385522,0.346442101496025,0.737940751495519,0.442609383187404,0.0648990849056403
0.199622848941959,0.743411440154786,0.206680406912014,0.497068921156867,0.583596302269313
0.199640280886106,0.557297634365454,0.505370240046695,0.250926826504142,0.391383815464098
0.200327594790571,0.909073314307629,0.997179327755608,0.330352313276514,0.0897862581146435
0.200465093728464,0.127301305267451,0.960825251654563,0.515464245678848,0.465725204435141
0.201225333897885,0.909516914498303,0.694550964799332,0.691897013511217,0.611872176798615
0.202512364860898,0.195961209739914,0.660280265178685,0.0156902244781708,0.530107999980754
0.202868606875368,0.765748673841807,0.377847951671179,0.421273930541683,0.87648395531354
0.204715342861412,0.480925150906785,0.750873263268339,0.18207743398426,0.645579304666025
0.206843859923497,0.670117791792113,0.482279604115223,0.652205269883068,0.407552145238053
0.20690707709101,0.947195378354738,0.884415714000928,0.945322619785618,0.0164754955139705
0.207139650632745,0.692918534836627,0.258035344311037,0.244195121925386,0.303101820009693
0.208790395872381,0.147885774203755,0.489586701259362,0.369639430845853,0.17183806896399
0.209287003220931,0.543535701836705,0.909303861089337,0.656803307680569,0.281030277160919
0.210043700170322,0.0222729215994639,0.833724792018791,0.695331406974203,0.220119743646035
0.214685175702248,0.316096196697364,0.105141051493097,0.527060718506005,0.574691506274377
0.214899515126572,0.521568670597584,0.574649448009948,0.766517273968399,0.262563873189216
0.216623284180289,0.573534391507379,0.443872293587844,0.816912820607621,0.571168243892834
0.217680661784721,0.116802548593782,0.302759096720275,0.32078526507041,0.201855690473658
0.218391174494733,0.132125676004141,0.730074652107921,0.597511525477123,0.0941284570557659
0.218588156293116,0.457042216286926,0.804132672189402,0.325310014605541,0.049913841549351
0.218936238263835,0.721660876884469,0.293825541244185,0.155241320818542,0.610446566439828
0.219616874157853,0.443529651997787,0.248146352936429,0.969084927113422,0.861417656196086
0.220001082833657,0.546894246347622,0.659038502381112,0.378826883947296,0.347753871933268
0.220095317728444,0.308588132649913,0.898503838981923,0.892279193407138,0.660239177477185
0.220730281527239,0.139821021807629,0.0337887880948867,0.976559227688336,0.178828671174118
0.222141917491138,0.96737974195428,0.130295521332358,0.773383827316607,0.321019344134903
0.223273683828833,0.892769581275294,0.26885145625313,0.594466355677077,0.145546385625009
0.223953263596582,0.189072843491816,0.780104718722294,0.571953845497912,0.95819839711472
0.225073469916587,0.408793332949964,0.90863705917544,0.700709149870727,0.587068781068013
0.225661691348409,0.162853378124297,0.192406316320093,0.765435790737544,0.922406597999313
0.227411240912157,0.862453391628356,0.363489438793966,0.0962059280401967,0.507885308540296
0.228123465100651,0.147967967728047,0.961508557779012,0.746520774837809,0.246951668483173
0.229101565004004,0.219755413178204,0.208769815888889,0.612243886999097,0.775405135198076
0.229565213863562,0.0299815618859215,0.140023498577083,0.587057272178772,0.505419725200383
0.230040623758099,0.793495953195373,0.101946250640533,0.973154394839134,0.28390410895503
0.230147442427046,0.167784239524609,0.993894380815152,0.191761666926058,0.741438100853781
0.23055656089269,0.0754952622953388,0.0150507779820401,0.789034249923306,0.24888368951307
0.230882795329875,0.156003815116099,0.87179294021128,0.661227860666023,0.0100185705081633
0.231501567172398,0.887968259555916,0.153068350318529,0.274250525946727,0.491141242071711
0.233465851995181,0.658603851474983,0.925425280986515,0.610148550333959,0.575240544824983
0.234425866671782,0.228651995951985,0.729369435485953,0.346375102931938,0.512273552595416
0.234515506923353,0.0158979285907918,0.549174167593667,0.0120096638883701,0.499817878099585
0.235804992489581,0.469597538616804,0.22656559049047,0.980902708287649,0.277964838412501
0.236161400683381,0.757523250196315,0.940613153230652,0.28323978774568,0.781576747911696
0.23727993554721,0.546769907378579,0.0319394867240307,0.830432174693319,0.377238680708853
0.237293962150814,0.558291253088291,0.338433319612924,0.727361065028516,0.0878941964863205
0.237341669493572,0.681708279346507,0.449947224375982,0.57210139010579,0.872795850353736
0.23748161210208,0.683768075343256,0.875211025381479,0.139459097922449,0.911801131562645
0.23776975438524,0.130017518881015,0.201045341699827,0.886679430596533,0.378438923860061
0.241432696279325,0.18119187904963,0.27953439993778,0.137270331515517,0.988636018671481
0.243330313461752,0.948954859871267,0.567590961568867,0.463291023631989,0.0349312717679734
0.244027206925632,0.626808766569199,0.0417138004048614,0.688244836652805,0.48878020153305
0.244285574183342,0.465644546914755,0.66843306699474,0.455472257215352,0.0163824662953167
0.244784514355965,0.237672995940921,0.823338228814864,0.337997209328381,0.725694886449768
0.245500043671933,0.374038623079248,0.392488258270265,0.596259438250773,0.516160320975267
0.246035200800865,0.739408639260099,0.283713492318524,0.31773324514083,0.388762193616527
0.246621834068679,0.160594753333092,0.601409398329654,0.42275588837334,0.368619500621701
0.246679448091837,0.543382815076756,0.696360046650443,0.795619562877393,0.499317543098154
0.248620409342287,0.65425375851299,0.824149356327936,0.746368943947868,0.353391437287061
0.249773735183737,0.613038459346904,0.803793411121403,0.978188331630221,0.497352640141022
0.251275130098045,0.0560854959898156,0.67042831513269,0.698610749870688,0.182297728364877
0.252779362261954,0.445291982243803,0.777264519129162,0.623621604130313,0.877058141059825
0.2537276599274,0.837196029917218,0.290255257586168,0.142074038271687,0.113116377713374
0.253770953483364,0.820465703644312,0.347309670570022,0.651143496901798,0.888780732453205
0.255003789510392,0.592827064229147,0.912649678011347,0.729946702724716,0.132474625822457
0.255212280298396,0.246811014604651,0.88622818237563,0.967440984560659,0.423692880085245
0.255722726526904,0.180343548889192,0.117415253437209,0.343390636299772,0.35752315456492
0.257109528349725,0.853375704153819,0.0541240236566644,0.299963138302547,0.206717653448786
0.259145447629789,0.764317085947368,0.463310567259345,0.978844913769709,0.832200690295632
0.259876495471737,0.347088437706129,0.156598164551616,0.125303924302938,0.694384241456172
0.260020654604617,0.116290623635322,0.670860771332138,0.190885967758888,0.992795582450183
0.262165409852364,0.554447262640606,0.449137491249103,0.632081710733128,0.922773421317134
0.265018285144099,0.946010021399962,0.770226280990266,0.288315832504754,0.233558970402658
0.265120839031383,0.275467987331362,0.0191522922847513,0.467287774456014,0.0487653930379749
0.265278004496186,0.981518097047326,0.980057480277258,0.664969267909487,0.188468748383506
0.265391614825356,0.309159366037418,0.646592273445157,0.490511929940789,0.0853419806648935
0.268029488340617,0.303345779720641,0.745054910247788,0.955909112580599,0.738767713808585
0.269027131586068,0.950021650522013,0.544138005959048,0.722570073546167,0.302248075913999
0.270905649220341,0.654880065173935,0.162766631440149,0.875298430368223,0.0789822725201043
0.270940465812086,0.666958072114279,0.877671245907041,0.833886065830377,0.00134406153403044
0.271560871557272,0.499652548608032,0.194608005437083,0.646413885521923,0.0266598923540069
0.271632826064597,0.450877380288705,0.39373630249072,0.481202717380885,0.576595567775278
0.272021260863624,0.546009709026143,0.194648419265109,0.976352275920366,0.806140569013718
0.274470822730138,0.540766257734286,0.886325273029742,0.0629336536785003,0.910739011175164
0.274940030094985,0.611569957557999,0.681109422354129,0.442075021719014,0.989806158451988
0.275059606551679,0.923256904886424,0.154915458213084,0.373039889631078,0.485154691181415
0.275201060262919,0.571084463055376,0.983758270635912,0.152575652904519,0.786086238518133
0.276184101406823,0.111075886244578,0.648251521430719,0.572462166315962,0.709139897416604
0.279558831325007,0.223970707035416,0.884904384794935,0.0446230145768678,0.0335931645744745
0.279632764390449,0.373382238064904,0.446265291731416,0.416031807168918,0.889679086573347
0.279859395181155,0.895191697751348,0.944532043448367,0.239835941356027,0.307870208130694
0.281104551992675,0.602144222103707,0.966588596591512,0.534058334246592,0.261450582796841
0.28122540614529,0.176695444543474,0.678072815973294,0.426681280080052,0.130589254209538
0.283419108447771,0.0638634547512725,0.443451755787831,0.130533578951629,0.284693632908978
0.284189209478045,0.282319105614927,0.0322509804412977,0.702992816494182,0.0791916209259588
0.285286735469464,0.348701725027223,0.753003796889367,0.0621331286917197,0.942857603277382
0.286003635094458,0.395766371329785,0.00756391715486804,0.667498181249811,0.927245445494015
0.287636296053338,0.78499850597659,0.687597621532754,0.396015614532877,0.659111312806854
0.287662210628729,0.291405775713711,0.795386865892225,0.966167268836941,0.1927383096706
0.288204888870018,0.0176116164539244,0.901352664134446,0.723565253441234,0.740117740402888
0.288928404611631,0.165021996898072,0.699150113317535,0.216285013698052,0.161854103749308
0.289841958143097,0.00429596790761244,0.643866218140665,0.355407416417742,0.765108041299724
0.291430028036247,0.510288092757317,0.106941347858146,0.494727170771375,0.0955571422893711
0.291678340387292,0.466372230199766,0.77305633570769,0.553934117968891,0.0342676541566569
0.291817737857962,0.419305823607178,0.59472996886471,0.432668699121688,0.134942002869956
0.292279312795091,0.574103013949968,0.586031153658634,0.400181344013625,0.819740403776599
0.293370644224903,0.778286689704801,0.66193515607039,0.48341297047181,0.570223860573477
0.295366080158357,0.783609700108995,0.710237402894326,0.0295055785950556,0.454908897687904
0.295544730059373,0.578778389737531,0.494556317190109,0.250273591941488,0.0291861783993683
0.298475138054529,0.00444743616771903,0.979003604971064,0.903642478832919,0.147168497595702
0.299014203915666,0.0830216037806415,0.774251408512456,0.0575331207818541,0.905671652617877
0.300402481923997,0.313134600651602,0.476471788327166,0.457639630998734,0.772832557068947
0.300626578445116,0.765719495409825,0.726747501555589,0.00689414989878112,0.68766932132812
0.302230928274436,0.0891769254299106,0.748347919486055,0.93122872421728,0.722665277239192
0.302340547746726,0.640904397431641,0.0556567426954229,0.557989092238218,0.381088012036445
0.303123137416162,0.00737045747201659,0.950261518468529,0.925004059172159,0.454915385323753
0.307906461330165,0.314741590045131,0.560786270349853,0.590491712486988,0.584999660582087
0.308717217656907,0.795637627901999,0.647558117291859,0.98785227404697,0.741608560642791
0.309190867175215,0.433889439762103,0.643316618717173,0.246993420297568,0.707250137217728
0.309928090864745,0.220266122324996,0.360765630552285,0.926847546326002,0.0251555091550247
0.310600564673083,0.51151548464367,0.110045046402197,0.698771013868857,0.842396744786328
0.31088361729522,0.174634715334084,0.811450785576298,0.543990038083104,0.889264629794461
0.310908261503356,0.298019804632059,0.125108452164199,0.987867358551446,0.133750202136955
0.310935159548769,0.883552638018478,0.243738577256566,0.125364821133519,0.21549562874861
0.311797811962142,0.105805291248756,0.193854300807646,0.701605739512544,0.457887015850102
0.313585104867255,0.488119800375148,0.249230797808014,0.861380713220579,0.481757359283581
0.314362331018771,0.618017877263182,0.72649108314172,0.481781084274185,0.219300767245549
0.314386287381797,0.6348026447787,0.417485231103283,0.386849955406608,0.550467405320711
0.314438776057226,0.887622612352668,0.428178043205905,0.554563743845085,0.0379589602640042
0.314668692442591,0.0744703335924647,0.111533124684943,0.180380359690636,0.255718668457606
0.314755083048005,0.441175792767957,0.326700532971002,0.374045801279154,0.0822083920194249
0.31676988022765,0.646524630120114,0.991700005353602,0.359887223354005,0.488611168068191
0.319493640474063,0.618874649449497,0.264065147470231,0.0685546083682096,0.781345653172047
0.319935295747151,0.365054440466852,0.204916976156494,0.635468664889003,0.120503154992744
0.323418983975215,0.445103232625583,0.100422395686608,0.372067804408789,0.26137753921271
0.32381119585237,0.841368646141704,0.0206801420908972,0.815770850199081,0.66752094460457
0.324874493506119,0.822717372361506,0.695143092070966,0.998272611507824,0.778776477723553
0.325021879978474,0.444675270111867,0.698822552413114,0.987102734492889,0.453945205687372
0.325784840279706,0.838430343763336,0.645663947350771,0.0978390795725171,0.570700530837074
0.326573618038929,0.0267102475463046,0.351323772673551,0.836718658877817,0.225817131001496
0.326652641684787,0.892736950625253,0.715931252353248,0.806209281954369,0.0170310231720651
0.327399541722703,0.538680832527775,0.540790186663523,0.460626620408994,0.209133482238212
0.330523570628246,0.324159020475475,0.67034598226316,0.416940550773971,0.782470952751407
0.333493692462697,0.476368370112675,0.25074747975054,0.884511519542972,0.176299805784857
0.333647483151576,0.438724687393658,0.289513801080148,0.663895644921266,0.531261756843832
0.333655919554046,0.446805397974927,0.859483274373394,0.617186241365241,0.598265436268775
0.333725254456889,0.791493941945778,0.595226473440957,0.81423991683717,0.402175572445444
0.335836642789911,0.600623976248048,0.398396426873099,0.63232586385316,0.445309060248767
0.336660850217914,0.425246491332236,0.378546930330226,0.428250960804787,0.0245837084462989
0.336818265944374,0.496906772495132,0.640400459430984,0.48432395446319,0.499650272539607
0.337496725855252,0.942248112969339,0.658850732432459,0.816637406531762,0.80284933532799
0.339742016416888,0.158036175111175,0.72766965221564,0.272771613665478,0.66210009328207
0.339876753088708,0.864124974221574,0.602804994315556,0.856599436714716,0.904422585429451
0.33990679000736,0.351195035228651,0.0346922085721765,0.0869363561072062,0.641570357548248
0.34095124405104,0.402375080438805,0.399025526799344,0.830441139206246,0.0195774978398223
0.341206460019793,0.31350772523628,0.620111409375626,0.193494994981051,0.322383080983399
0.342089658039549,0.25169011105544,0.654801321575878,0.915750766694828,0.831110154723853
0.3423008625495,0.827169904331262,0.00108863140115678,0.287415948241235,0.29882772319867
0.343146068525392,0.285456047665088,0.991842838647439,0.806187918425097,0.982569292670047
0.343329145359396,0.880783416271628,0.595793580639453,0.845360094810423,0.380232617925932
0.343523776841576,0.186231546266546,0.0801861870300866,0.296438947188895,0.689023069077314
0.344057769477769,0.0666732847580229,0.838303405638847,0.102965347545769,0.91833899065768
0.345145158635824,0.399658821860232,0.227111609190605,0.0692409630655364,0.0106704162584034
0.3465389545978,0.12015126122469,0.824528624620703,0.421948065424291,0.757179557379411
0.347448406526296,0.98210116282324,0.944380682488048,0.627647346270777,0.605860436383901
0.347719087049813,0.193516472368835,0.729047089733469,0.498660875135198,0.768551517768436
0.350682941737272,0.620927999134314,0.446945900333483,0.569594430906669,0.105334934681613
0.351987321656847,0.559059596010345,0.415042468753787,0.272142381229007,0.0552102492479777
0.352260302965304,0.890774006089237,0.360656504813112,0.0438067766504862,0.463042712596264
0.353005851033885,0.909403150345774,0.382209682936579,0.11286893511401,0.478774086979043
0.354070510682812,0.979797721442637,0.485151224776803,0.850649672812977,0.927608731363223
0.355104459020389,0.562556097213718,0.909095192849836,0.280728362871376,0.132703661976258
0.357573339280257,0.538046282182582,0.844756632255404,0.0710201582109448,0.936872548362282
0.358118346208246,0.743478278603814,0.109084411966843,0.866910500650046,0.915525126570028
0.358438905820941,0.289457172204747,0.249304579566938,0.741594056980671,0.210426739318263
0.360212924085881,0.839966643717207,0.0244082181687771,0.674200438845229,0.619639176924652
0.360443493262076,0.214038344147739,0.195000055978706,0.489129320184897,0.471207952661443
0.362969029951081,0.649452905398687,0.554839047469919,0.843613150651208,0.668120361357177
0.363179771180166,0.780877447257763,0.277436581686551,0.791173272035512,0.0986493029057204
0.364650952267355,0.717810925286434,0.444116035212502,0.629125618231216,0.260175654111998
0.365511412831231,0.743955283414338,0.318075469094124,0.371360757342727,0.99152927537782
0.365822700833342,0.456987903973026,0.947389231624043,0.676383620364058,0.987420465083663
0.372643183529079,0.389877844848677,0.2773680017205,0.566304886072485,0.725059755063973
0.373541166741193,0.0844490485070604,0.0458901142277052,0.449068632784391,0.153738062315018
0.373596632230918,0.676179118184178,0.799325103200989,0.766797532489449,0.292136644463826
0.37362958037254,0.887362939134,0.486798565845346,0.977320645148091,0.870816363254405
0.37511221313212,0.7225858265307,0.104461114798391,0.0726338122521066,0.990495465712949
0.377625134145656,0.556122207555288,0.87453427738401,0.00139571470804567,0.523104636865495
0.378229055354728,0.252859672695871,0.528556841528848,0.913013771059023,0.959127558877631
0.378310807716707,0.116549999463432,0.606872938986649,0.136138099416879,0.949822083180672
0.379543847380014,0.531593697337533,0.576636037390549,0.937613033728797,0.0120176306233901
0.381076761554469,0.638773792432629,0.829008913512915,0.149530737649424,0.403460405589341
0.384276759913808,0.314707578771364,0.333555724446053,0.00949972238134222,0.780453305213959
0.387033572005669,0.74316126578952,0.126862113264826,0.919946318974198,0.40956257879111
0.38751186915977,0.517467386897568,0.178022430412338,0.0253865802689583,0.144826655994988
0.387670982908419,0.0764753582490928,0.123610236573079,0.865467029729352,0.264520477657796
0.389790101861989,0.435431700157832,0.270024669015495,0.456881381420472,0.0173155583220036
0.391020205236447,0.244599449361359,0.529626983369735,0.769819702776687,0.361313401952203
0.391116504445376,0.503764521794355,0.447952153747646,0.593724632960721,0.507674291681839
0.391306958811561,0.443134295142254,0.183745286455007,0.206355115194266,0.270015009688202
0.391825199976143,0.31240958945995,0.453443561373799,0.470737526480896,0.758804444178936
0.392816398668311,0.0197606465104744,0.193340128031517,0.913674673545519,0.386746304449196
0.392873914420265,0.427772303103763,0.378376301508962,0.535733229060206,0.686030122584367
0.393394708353574,0.558406673201837,0.867740047794131,0.354038426137652,0.318186884514696
0.393628460946228,0.920853948389995,0.75463911319108,0.680121019128845,0.470000490547994
0.393732114592501,0.239700081174437,0.0279577317797921,0.525253684159556,0.93243288261142
0.394470982041155,0.798456590982073,0.520184381565328,0.617074790070565,0.572099955415187
0.395136016606464,0.718969487975335,0.406643755660731,0.420144160439961,0.367011700837063
0.396552847483153,0.93012047363673,0.078559181348574,0.906163694464487,0.822908904336123
0.400790707528956,0.135752351893535,0.46125298147071,0.985456620328616,0.553800074015867
0.401806487264135,0.87873381266647,0.0790502555821841,0.205613727342686,0.796098974386462
0.402505130841642,0.979450081266238,0.753670730566362,0.148602448431187,0.0991380567194883
0.406259745646239,0.60500184816658,0.606063682234264,0.487871946746158,0.368497704140453
0.406416889727256,0.0752526336204783,0.242365605924339,0.333797544152539,0.151439647032156
0.411082374012313,0.0679425854551938,0.790543689112232,0.501209758180346,0.789203213435278
0.414360088039167,0.572470324243455,0.717687310260396,0.823165410822415,0.150321508288129
0.414375943507169,0.912387045873848,0.800912259027531,0.238601950434641,0.721638406610134
0.417079119883688,0.703650986777986,0.161174638425761,0.0543710850399006,0.924757001456557
0.418815094624534,0.997218557152221,0.213052708957754,0.0212628768462449,0.547618978580024
0.419826916666033,0.430034052361366,0.227345098973147,0.028196464109196,0.381783083914011
0.420854280434659,0.854891947878158,0.755566126683496,0.819058429818549,0.627252866033001
0.421405677531719,0.762140386259043,0.156003156891034,0.53092770419017,0.597436790067751
0.421435885869654,0.595358732788148,0.613841779284192,0.884489884652626,0.738905633959864
0.421458698859179,0.835733619084368,0.261778535315275,0.0211943212626503,0.107493243817194
0.421969292814989,0.843170652783054,0.934054984035697,0.961996208463649,0.323655454647909
0.422483055378165,0.970571734826081,0.326641002443284,0.240381918946828,0.0876437222952857
0.4257139524986,0.877330049068642,0.773955089314808,0.932701224776507,0.893455595941863
0.42648111768064,0.934854674058909,0.161335082195768,0.0479581714127454,0.424574186767475
0.429435629479966,0.84943222175199,0.11918134159428,0.705520989919261,0.803117690893612
0.430212874307518,0.127020527575341,0.364039527915513,0.79237549386471,0.662540373112819
0.43065286957651,0.575819894288036,0.819551375089305,0.393851341078336,0.205413666735986
0.430986087686128,0.306412010720835,0.792271258713652,0.804842686588035,0.612672548528441
0.43180606747593,0.709710956149306,0.379662417344194,0.397647218664938,0.269543205364821
0.431948595536914,0.658100429987502,0.735596496186232,0.305813464081035,0.23627422713053
0.433979778983359,0.100039205551311,0.699008861851566,0.00260118827601852,0.561445487419883
0.434029713819417,0.418882510439806,0.893269564817609,0.998976311034164,0.240713033541195
0.435618212770492,0.919103094307026,0.617001825304197,0.498422560204492,0.216832960985771
0.43734220305824,0.193064044961898,0.101011805991535,0.245720589980802,0.584797236625955
0.437390204257175,0.218049700543528,0.129783563321146,0.725676304367456,0.835195774239894
0.437751439672082,0.626132723631131,0.398962270410862,0.334269551453081,0.614780026596316
0.438805016030051,0.904750037966952,0.779871787267305,0.958387716954149,0.656193731879345
0.439577433804283,0.413680063638153,0.296532426169076,0.802928530818637,0.427001928450755
0.441682612344088,0.963256972470723,0.513850444711364,0.816763969058827,0.355423792948098
0.442867561020517,0.47641417036902,0.39560918146623,0.863348931328343,0.203092123754255
0.44479460682372,0.46637798245207,0.751475429847612,0.200995885470055,0.787550968567015
0.447227179879924,0.708634397084473,0.238306087550869,0.33771611338345,0.233482991102818
0.447579732479795,0.567855212686656,0.55516455216144,0.931072986188042,0.674121679009063
0.450787806648045,0.461295578948575,0.00615449331121032,0.301104486681769,0.0433041575402289
0.453201640402185,0.0109540987208894,0.739199528478463,0.334345676729058,0.877440097783825
0.453270375606459,0.0491625166931662,0.434376858879976,0.654512371086194,0.894647612386255
0.453946488913241,0.241743103980946,0.680290474244691,0.00192205255343114,0.677280004283045
0.454599829876523,0.471264328646535,0.400660697960175,0.0621365072779505,0.384397811924298
0.456032435583132,0.127099129507106,0.110797646282591,0.839593678799227,0.440476366658922
0.456835340091208,0.926367097537817,0.678767849925557,0.292177878495224,0.713645133185084
0.459363857824156,0.706741368286084,0.338063107415899,0.63343570510963,0.718313564120591
0.460747231191468,0.862748824288905,0.550339191242501,0.0601741606944168,0.409787087237061
0.462200272029309,0.720662984500743,0.296523982892583,0.687250642698453,0.334256834168659
0.462670904301894,0.503161441532323,0.0791452393029073,0.873384186491755,0.199584232173589
0.463489355112863,0.250582897455173,0.946587232183202,0.764832885122452,0.427427957846508
0.467671672157908,0.441073345438728,0.878798807305791,0.364019256716953,0.412440482165339
0.468206154981374,0.778184273108272,0.891408193642843,0.51505539908652,0.340404165658471
0.468432429034969,0.858886344721014,0.796091212333281,0.502217451311879,0.525213803497993
0.468574998383849,0.227618177760208,0.419883949824652,0.0133985208033961,0.240422777514371
0.4691432331734,0.709469039005541,0.134387298274905,0.0159870604397865,0.952686925216141
0.472616371195739,0.524171185536537,0.198328389991404,0.417167317074028,0.782821526670524
0.473121620923222,0.0279232074371637,0.457424511704018,0.635489936226613,0.0720193262477142
0.473193592719211,0.614964858624015,0.424361171553098,0.30749161863362,0.304403059930111
0.476648620409696,0.442006699341834,0.912736296851293,0.462889256184769,0.6721217072533
0.476879373687157,0.407279566291529,0.78609758223483,0.684773696180477,0.57763929116183
0.479596154427735,0.192137486939703,0.371312184808707,0.445943980473642,0.863180264924441
0.481286619331981,0.202585480488372,0.0338635352558601,0.755050397326748,0.980185458037584
0.484467358343172,0.462355395252696,0.439927418828113,0.420462371266418,0.0185298677779496
0.485222225839798,0.995821109677417,0.223276033037744,0.817337253784204,0.695436443082378
0.485502731044505,0.511889934480955,0.961794919704818,0.0152917076662148,0.0706039272518529
0.48553390640095,0.210858726345845,0.389834124949842,0.781343312099506,0.530814875588139
0.485800449327184,0.971829486521239,0.185450989625189,0.103039917466465,0.919893830864455
0.488556380805457,0.576740988471584,0.696047825343944,0.650378193390669,0.833821732275786
0.491235941590901,0.58169603986928,0.854682575498013,0.30902469522195,0.445664016649587
0.492432971268393,0.187049833613823,0.35374039113385,0.366939058177183,0.563316516800312
0.492884587443052,0.142166183546158,0.831781417268648,0.605142675082281,0.94367283155584
0.493015706762197,0.959956315365957,0.237511397229394,0.349601331184063,0.434101281159365
0.494209260917299,0.496328199447024,0.949579547672378,0.00732321318462159,0.697747973936715
0.494534859776397,0.455210042041102,0.416449813116223,0.275419317978239,0.775683899677438
0.496210565449876,0.624241987240634,0.205123583989287,0.213971293699592,0.124314272622256
0.497022182813452,0.888400504895605,0.718279795899535,0.23934394594483,0.702767173608989
0.49719038432326,0.628129917955273,0.994339787125827,0.723820838156331,0.0701766867331509
0.497952947745918,0.0926611386914012,0.0679653582467269,0.428380358133696,0.938845036625008
0.500559558109715,0.977258694419572,0.0988703062858602,0.833034050755781,0.70818292686665
0.501524068149432,0.255186971581086,0.0633377183538213,0.253522780521137,0.0460774941275637
0.501904841268809,0.775029187621826,0.152784873488119,0.551670501187363,0.958604467785189
0.502123593781908,0.635381943696805,0.299720768591529,0.28284348457517,0.820802024303507
0.502239930416174,0.160526983813516,0.590063613392035,0.419755839846402,0.113209175875818
0.502785045522651,0.515494000947287,0.881683175016832,0.514856417815248,0.75716595545508
0.504130841148177,0.665161658481339,0.899479765143176,0.26772469865577,0.549567876186815
0.506110755115878,0.0301398455804008,0.595555303695487,0.690214775346011,0.698872673219376
0.507254570626257,0.619172654310474,0.450863206704084,0.326885840206537,0.438549783462451
0.507387782950318,0.0842852158345175,0.995631187232624,0.492520561454617,0.169077127538321
0.507768656462804,0.489342551555371,0.431224816912617,0.275515481819713,0.518499669460245
0.508819384742858,0.155192060803672,0.164067787517012,0.223278980867889,0.430237247543503
0.509375564521365,0.307434799472219,0.350295544428917,0.652501153776739,0.767987004548132
0.509871647061478,0.369452210189405,0.0313803798336819,0.628421902063027,0.560113444003007
0.510472306979145,0.653220746976476,0.488540509868193,0.0373144684309216,0.762986816223549
0.511906009740829,0.643226627695753,0.380196750008249,0.0388698303626328,0.812272382178224
0.513176980195556,0.987618686278734,0.517379761506326,0.722110239780998,0.913014498645068
0.513557684885926,0.382674936246296,0.830613552616427,0.286047746993634,0.666719506046494
0.514080993552528,0.945789807188418,0.804788645898101,0.315058619404266,0.681152106103643
0.515230990757997,0.122776013145099,0.74274557590167,0.36053423159937,0.328383218060923
0.516393381454792,0.0543098138217288,0.949407459012793,0.18760830382017,0.687358399403696
0.516770005620535,0.759513216837703,0.346722778657214,0.775812455441121,0.357129615646619
0.518223740905415,0.751526591561565,0.531900325168972,0.52423492220366,0.937822118715544
0.518251794413838,0.207341231997868,0.482436038757475,0.141339436867213,0.330943235702591
0.520390906147981,0.461481818561445,0.764165979451581,0.27328023124576,0.032441994505736
0.521803760752112,0.86266831762266,0.434425334008016,0.131493794759506,0.341013043092474
0.521821812384203,0.764543882483295,0.273268477416153,0.937897628438129,0.590241549067763
0.522327449139686,0.117070843668811,0.026722869131562,0.759214859586613,0.809379944787499
0.524588580518976,0.481927379227512,0.538926555930357,0.16161997461293,0.908832329658068
0.52514600876635,0.371939367447167,0.214898375165428,0.162867914013353,0.493646821428674
0.525319584672584,0.928756689344785,0.31071981739157,0.907175431054674,0.678000534448261
0.526990035653281,0.775186480064704,0.733951518092096,0.331204427585016,0.134776995255468
0.527746219640815,0.608232074767387,0.517978144507388,0.385499666100542,0.908248818284871
0.528840185856415,0.588208867682695,0.59633581577638,0.531113458408943,0.0683802164192485
0.530161538610553,0.378189288877086,0.741859707505951,0.066119034487799,0.733979099285805
0.530173198263413,0.157603230265043,0.186388406230158,0.0810685578990358,0.441639338168845
0.53087588184484,0.800029106714939,0.0675726926893163,0.498920454459566,0.849972299911911
0.533702257256621,0.168168404658411,0.00929021743182679,0.939900141522557,0.0971019894267973
0.534120398947354,0.259658484595181,0.639163201462111,0.0850615500465453,0.0214632398092577
0.534722618542974,0.303031561193805,0.977604352516636,0.899845601217554,0.127013893617675
0.536303186318446,0.198611134560469,0.97567093914987,0.340035241143331,0.775228089906687
0.536468405966757,0.7985243352727,0.815444005808074,0.677317250641443,0.484985012265265
0.538409743181206,0.394412107425938,0.627752290609928,0.098968782637155,0.466788405374054
0.538414186540141,0.628977874707396,0.805917511796414,0.117373812039105,0.288154319299721
0.540571545174246,0.385528281541337,0.82063308844874,0.233575761034425,0.826491606032295
0.541884227343648,0.274653814871974,0.709130299501955,0.970893567879101,0.150063189520438
0.544670640165517,0.0820941668349969,0.818785808270458,0.749409879786991,0.663060376190738
0.545039342418705,0.862892878085443,0.0174802152143164,0.00687099180618944,0.933334910317266
0.545239226453039,0.38512949459595,0.996444665038234,0.223013600554722,0.900460695951332
0.546013905045363,0.961168135399345,0.0521820026799924,0.855745919278928,0.398891197227157
0.547755034672239,0.495888053374059,0.207630593997342,0.179912384250702,0.000132543545445563
0.54844947195608,0.435916314688945,0.561514248059542,0.519836940596257,0.918632827736361
0.54892078628425,0.0584782442632846,0.302700003346685,0.872898224076021,0.26972119441696
0.550041439015746,0.634552631256282,0.885282695498373,0.572643385381941,0.901622188806186
0.550415888412853,0.967446859878319,0.557238729851673,0.484952762748445,0.341975792395652
0.55197260834084,0.0865870491891041,0.137791693256157,0.831630435143942,0.383418588028833
0.553313579937445,0.861131460429389,0.285111552065582,0.657844163185054,0.220673729581596
0.553774459414757,0.367297037907044,0.304983670089253,0.26643461534502,0.128643505891081
0.554477016050884,0.694642421434371,0.417908447427095,0.914077060021409,0.166116897602024
0.554560610172389,0.138654121679806,0.495871665666786,0.501956829307045,0.86549064981276
0.555263985885739,0.276980912513087,0.727550770896358,0.206111978117406,0.0119883821994998
0.555613386929755,0.956923735889548,0.32630525604813,0.142441562751007,0.985284229676402
0.556606678601427,0.0623166463528964,0.371505539208431,0.279808732271639,0.769927078227743
0.558720660200442,0.420616821916022,0.981282723902736,0.377747297699522,0.439013188721266
0.559392128803714,0.628342588725861,0.38030740354687,0.625929233638159,0.190044957173184
0.559539866509234,0.801644262492697,0.488973556424727,0.558262290294083,0.0244337051299548
0.560141090539235,0.0916800250418189,0.955094546482904,0.571760567030289,0.420103532406922
0.560914262096457,0.893653230674012,0.0022878412100279,0.587931646455049,0.0378597506004695
0.561034186465586,0.911907966816347,0.092808540567106,0.523305319741285,0.15235264468071
0.562026895384302,0.485372468920494,0.607214245653674,0.798176904106939,0.683087841522802
0.562793600207276,0.914770234776412,0.312200158206679,0.351070998819267,0.803764988658286
0.562977064850486,0.743412596909233,0.858515669110961,0.615342876447461,0.736014713740831
0.565251059045207,0.532136538431755,0.387614281902223,0.368692321283141,0.147358447504408
0.56751175986235,0.0566830717484283,0.981568230272936,0.905185468183319,0.166524695872434
0.567686157113902,0.268811830307459,0.688290348420654,0.252123562882164,0.871262140219956
0.568258588342543,0.12187556219067,0.672144148864592,0.591959524469289,0.351934213272797
0.569829013093084,0.334619654178442,0.995338112303466,0.761100805058562,0.756141926441929
0.570266734272872,0.901555048064467,0.761374768859731,0.589571290675808,0.122843525294514
0.57050162228114,0.224637230410263,0.717347186430348,0.279662138183623,0.00462576058235187
0.571356443653253,0.951847854754233,0.818668373595483,0.935083991453488,0.189117151280089
0.571868663025823,0.56779207333315,0.758922329171813,0.959780779424305,0.234277855152853
0.572598535076368,0.0669303956066851,0.147671943137404,0.520874909265143,0.531784017364865
0.581377474019122,0.120770798507873,0.292410341839211,0.668972423132799,0.435131772858032
0.582382188606586,0.716725877028947,0.750527916904124,0.629536177330463,0.0216060447638035
0.582801554325491,0.34112513661995,0.93682132862859,0.942853072462009,0.219841318752584
0.583746478987147,0.552744418257712,0.312512845986667,0.853430500168208,0.92269275683973
0.583861044484139,0.730643616149948,0.911030403930781,0.273404521881393,0.768434032614168
0.586040742683134,0.602641520415634,0.523520435518561,0.038319707137773,0.930512342342939
0.586189814048359,0.14906418420329,0.287838203769745,0.512282525896526,0.0222639360560148
0.586448450735631,0.169318248456869,0.0519261904007149,0.92002496779444,0.750940069868364
0.58706822058993,0.758886423634387,0.415100184764592,0.498339823066703,0.886008685110991
0.587949126612204,0.0496853671951873,0.669371774231321,0.456401081913508,0.377527146252593
0.588013412658126,0.0320662475929582,0.572409445459027,0.693122898023161,0.277772501400827
0.58830183432178,0.215340306900658,0.877157906709213,0.91212369527331,0.349598804621487
0.589102379922289,0.121590329739679,0.0814523436441722,0.117580925647527,0.21418271638405
0.589231590840864,0.106442832162301,0.826987155910331,0.361852151271784,0.771326713861638
0.590701438503017,0.776029375831996,0.63732307644509,0.167001198424498,0.836172920709126
0.591768922699387,0.0431112647160214,0.363070415684153,0.361350829585055,0.0249493459820481
0.592342563565038,0.122085149179939,0.868232914442517,0.088706612584648,0.0147804385042802
0.593090772744867,0.476705428977696,0.623252783402418,0.720548079831209,0.775547260141591
0.594174757294573,0.85540143918067,0.814564459224572,0.0912142110090802,0.264355933909156
0.595292948344732,0.867232798681723,0.456981036899934,0.571137601206777,0.685956275663823
0.597248394550004,0.64535244047793,0.219515762004761,0.553307861404819,0.114243114777677
0.598896155566852,0.726258937222326,0.887540074096455,0.181251223276283,0.590729815872983
0.59902390228632,0.396264162417368,0.988968831862988,0.731308161123567,0.0620185847052662
0.600118369540063,0.0750964951102085,0.0668147552421045,0.299707632069582,0.131560183156139
0.601848346624112,0.926216579675972,0.50355419131824,0.205199551020355,0.0587797688209679
0.605160035122139,0.769328503579249,0.353375270856092,0.359280569413193,0.223083945072798
0.606089623287801,0.0863604881892903,0.29292655914394,0.562344590529849,0.563050714329366
0.60622620517904,0.527473920741545,0.96515194219731,0.958068660798924,0.578216606212224
0.606453634019215,0.261294314285037,0.437726417087494,0.898325706370439,0.29679627738495
0.607824678326836,0.164003277453222,0.126576313737181,0.542779359875112,0.65795811226944
0.608101843262703,0.0384896892325469,0.735240088989146,0.461193269888687,0.667913624903703
0.608142339434952,0.89145061664955,0.509415865757464,0.260369188673319,0.469948705129241
0.609208994494494,0.192291561959909,0.503676186207024,0.526111172511993,0.73147071548382
0.609520695044004,0.890269412978509,0.673299132809055,0.347397147933049,0.343518600929229
0.609596865551495,0.174295939734701,0.944646728658566,0.486271989196401,0.470696635874201
0.612473253316259,0.64251965669292,0.146041024840356,0.286589147299096,0.412678414690997
0.613983836213877,0.944106928864162,0.967765758815587,0.851616918974204,0.491835063078308
0.615621671090482,0.842972323418388,0.390227532169999,0.0163534867198939,0.219500737305357
0.615855992133189,0.270180347872545,0.590084132290161,0.390776816002005,0.0708621182879046
0.616676231899861,0.370530244558346,0.414607487023785,0.463475015412254,0.849693844920558
0.616902770299402,0.298708748274398,0.0501866065856974,0.0732268043497053,0.569458425859217
0.616903377733328,0.745605964240426,0.898309625182559,0.994108234786551,0.308469833264301
0.621883006319941,0.75909545635784,0.162522500868464,0.336407144805892,0.908679436157011
0.622210944171715,0.670206930528232,0.848988498397931,0.418462054184599,0.869881663339071
0.626301671675264,0.956960018391622,0.960381900016186,0.528970245787236,0.792456860497627
0.626474489391048,0.80638662045252,0.0727124423860978,0.729096676676907,0.164620463933557
0.626900804567717,0.215922817165247,0.710646362418379,0.70034904129039,0.774260127945251
0.62735684723012,0.245765059883093,0.943849643391484,0.727151179078646,0.290660035067534
0.62913007873505,0.439198573941158,0.995818721727493,0.343506994178503,0.766494844432297
0.62970872246262,0.966188638437053,0.411534708672259,0.312596377842862,0.786063353505465
0.630077021670898,0.1290833606079,0.763506119119905,0.274246913005953,0.406850582025529
0.630229767256509,0.728215802857534,0.637809292155302,0.302173764842392,0.459712428749353
0.63101044889175,0.652426924602975,0.502662350320489,0.131198363580771,0.574444491295931
0.631342915218935,0.890527513633816,0.712122883405377,0.841271983988238,0.432003590924972
0.633150369522766,0.124315525786611,0.746816604380458,0.420824840285832,0.0108927735593852
0.633427129209305,0.101107780387475,0.661564946484972,0.00549392160547302,0.848129833708729
0.633546405117132,0.0682650940508772,0.826819630530735,0.564530378271599,0.315621564978314
0.63474038850615,0.00296136075400477,0.686158658288716,0.949825880926556,0.334567260318324
0.634987866627395,0.170823708735669,0.759674945665036,0.864936676087545,0.153624763543921
0.636372354340482,0.290516522346404,0.53510748096641,0.32239990234706,0.942045100936627
0.63644376192001,0.184764102296017,0.83437118942725,0.273959687386109,0.335562040666086
0.637135663847885,0.974781870456444,0.468530475415428,0.522237613066693,0.11592525990435
0.637434868053735,0.488133586643543,0.696449233172726,0.0854638141905937,0.153563556887829
0.637566877942551,0.813376698188229,0.677080035574851,0.264848597763578,0.82592797647296
0.638216769384198,0.918990532146302,0.524974173459941,0.978055374587865,0.0943533481055111
0.640152095210696,0.858903964834273,0.552042015144926,0.5989682964747,0.661592730676232
0.640982352772434,0.587060544537307,0.984564000963032,0.332799347980861,0.292098451838874
0.641466662312382,0.502087361950392,0.497179645779558,0.445883402722486,0.903991054375012
0.64227305727191,0.321394345466324,0.606526772668605,0.794994806452332,0.508238273215872
0.642689549026361,0.848677833156697,0.874315327405466,0.668081838726903,0.796666886923888
0.643756898766352,0.492734528399564,0.758373302277572,0.75308796929176,0.829176120704962
0.645097923322399,0.224229567976273,0.880721941763713,0.582148770885677,0.166886711732574
0.648490661588466,0.0946000464074753,0.0996423029616137,0.336724978708169,0.133887257475644
0.648829071056901,0.209589073928846,0.371983980195628,0.71030610251391,0.277624636235479
0.648896128616056,0.239191240738768,0.846597902117332,0.0773227876617238,0.67376433187999
0.649372159529437,0.0013044828529255,0.733171033450958,0.780095732356123,0.365845796787181
0.653489854830751,0.884992083036526,0.225261740402303,0.107366821569831,0.603829508749812
0.653799103461046,0.0414307574522093,0.781261654234013,0.0899318126996229,0.0489188877887211
0.654213800806848,0.556736497238052,0.0902422890159004,0.264528838835246,0.747710039127429
0.655948169533555,0.0570134857183929,0.176017579899769,0.930391955487759,0.511480295707378
0.65931227475277,0.599044138961853,0.401945069912581,0.52446289591534,0.953624630494782
0.659342526120964,0.305039973652132,0.941056448782904,0.529550675374489,0.319416999363896
0.660821562164636,0.463850005809108,0.435391082649911,0.789179515820702,0.094138251016693
0.661080239559753,0.605149722286496,0.936748077262738,0.0638923592909068,0.335172425736869
0.66157710152913,0.808697088764272,0.00938535849366362,0.789249733235986,0.218729639950497
0.66205542403941,0.504649898029852,0.356089379392303,0.390219764554317,0.356676672691004
0.663364965978368,0.256148780172368,0.236767046375269,0.382593638230219,0.230460668047538
0.663726669250216,0.110149645563402,0.349288812007961,0.528938246875424,0.371648147433041
0.664447578762588,0.481322623694167,0.441093588935784,0.136183801688937,0.544465382989762
0.66551521926226,0.0243856516307096,0.975458617246541,0.897311254281181,0.15599623700921
0.665635914258534,0.00699797569458094,0.558240068015207,0.567218177239772,0.287303064933183
0.665909010473654,0.233445870697115,0.884415653763051,0.850736759615423,0.982048945374202
0.666181478102293,0.546745606752016,0.419551483098544,0.441959849248699,0.893525483138456
0.667800225131382,0.314180831498018,0.289183690602033,0.0301235789352898,0.771914476030847
0.667836576742059,0.707761622544099,0.154390302217875,0.080084145011743,0.046376301382325
0.668978416949832,0.38433159750701,0.907670714576379,0.912697424500699,0.640677943414038
0.669634926413627,0.417379689589011,0.594865201594655,0.835690938223247,0.277810016828821
0.67126664903198,0.237202875317307,0.602214607998047,0.880482195056471,0.807136141451077
0.671511634916904,0.745395550292589,0.893073781095652,0.715056925025827,0.465260851971691
0.672015577816978,0.149891745797385,0.914517510824429,0.248486726468514,0.294862911829712
0.673256460743765,0.523537173118404,0.116976195722055,0.180998814378212,0.305161641571482
0.673363516961032,0.133031538749759,0.664494284996551,0.947714008953816,0.113096676567634
0.67402717520716,0.432618594297892,0.796915184290517,0.483337587418811,0.204970269546629
0.674242070575373,0.0785936180850281,0.0333415578305712,0.888605592971567,0.905794370282143
0.675390380934978,0.265717741956869,0.491364929977122,0.364876109535912,0.908778179399217
0.676267461003008,0.129770765120927,0.333537393949211,0.691393696170815,0.813524280935686
0.676290754129885,0.193468416822936,0.218232263733975,0.801435610394844,0.838947784834775
0.677095829206699,0.0939854193486277,0.843586761732537,0.680475172422518,0.239954583001563
0.677100559769676,0.700231895352869,0.812039741124752,0.0511506610896971,0.11218486575756
0.67746670667879,0.040807195260917,0.702138511791249,0.198350583276079,0.304595613761088
0.677852996893229,0.562165104273614,0.0410324442136993,0.833757534873689,0.797794327789756
0.678375394497192,0.0640589209508431,0.794511596394945,0.458300931052364,0.573738701774179
0.67912166606694,0.882865343487551,0.153814130637761,0.411955423601656,0.581229664436586
0.679545951702308,0.596313583634214,0.919916865953037,0.198856469805609,0.531289272107127
0.680311278220873,0.426998257680196,0.273675928230473,0.332687004945907,0.23769919379998
0.682221161596553,0.0630095013700224,0.884455866252361,0.707861993500709,0.348220780592835
0.683078528747416,0.383381236368961,0.17441351850841,0.112123169605383,0.589818318147174
0.68311184607433,0.656088488910554,0.534531553775199,0.682147446573711,0.487524639007083
0.683219819258806,0.237895162364785,0.342722251869759,0.277560941256448,0.944118569767781
0.683893123014725,0.199386377758388,0.702657414229967,0.760724168556332,0.984044737989997
0.685202743605319,0.896176970225063,0.343784260490864,0.266862292427761,0.962055535472913
0.68646773390447,0.279074659517896,0.868988066508274,0.480694934559476,0.418627894303215
0.686552160189959,0.881311092352293,0.878837482885143,0.882276510650048,0.749120729449102
0.68676246918501,0.933833391937951,0.196362582832902,0.742842549759275,0.935332380914663
0.687341206893558,0.446345838109449,0.210988217213697,0.736600448720886,0.756254015153826
0.689401802033395,0.108576388783756,0.545439787975426,0.100858209884632,0.458620542739682
0.689570563501308,0.130745166372061,0.175045733740469,0.614193025281795,0.947676359396337
0.689629863433133,0.713252933317905,0.900530589472715,0.209376721050467,0.573179891510593
0.689891917613728,0.00590432741202496,0.144536857301886,0.729977551654322,0.0210997848788582
0.69090150378119,0.494038071987485,0.656553901761324,0.605435572011172,0.262154546296404
0.694164365209663,0.192772007847912,0.988290925907741,0.853291397884026,0.169763921941861
0.694706652140736,0.284114301258602,0.0653339565150842,0.680775196000537,0.379387102683397
0.696241209175294,0.607344676728676,0.46625359036798,0.741691368586382,0.131930049727708
0.698346125142574,0.856553283205376,0.256561490822235,0.407057092409188,0.35193258697291
0.699070049717114,0.589440857159745,0.309820869331437,0.959550567460059,0.88950847377688
0.69971610349797,0.552104837644301,0.135146256407473,0.877056257493346,0.618966880542704
0.701511447274707,0.693789929723245,0.605343580621484,0.816030924819638,0.714389527083785
0.701945689210205,0.497576728263512,0.933568036446572,0.946883448881301,0.917841813209207
0.702409051954609,0.168812869305858,0.828259130516178,0.798818508157606,0.645414950162192
0.703528590277232,0.551630339117072,0.662775960208951,0.122151342280053,0.543284252749573
0.703676852593494,0.918360127253356,0.619505816445823,0.564093006094713,0.698147940585025
0.703737349590271,0.00901510974662856,0.109986654949089,0.487235718311636,0.205932764156298
0.704312297607399,0.514534421735357,0.313911911733671,0.390401868396455,0.42177280894813
0.70434792021815,0.754615155332284,0.605290119072969,0.506278821104989,0.653330320369338
0.705296743968039,0.942069664070742,0.326896110625452,0.169766268796397,0.179522235053377
0.706984202646605,0.311394411727353,0.878216598539943,0.00488039931910367,0.307198081516692
0.709033583511777,0.593812613595044,0.385999834968771,0.377328665446907,0.230909836018301
0.710914900034793,0.499215085156717,0.509830030671977,0.745991443954401,0.495931517705249
0.711011230032179,0.708729139571642,0.727096156947871,0.482364431286915,0.882336561925662
0.711451916368299,0.579286180434096,0.358183109875883,0.462113180980447,0.844342381495237
0.711805508140425,0.331896927501464,0.355409546993102,0.575207697512688,0.397321397395443
0.71282713314025,0.412930642589426,0.689776249611124,0.095585844841468,0.0165722102089281
0.71373559183833,0.311606182586189,0.342685896626743,0.562432122462881,0.576622335269014
0.717437841139437,0.253041287481471,0.38206452354053,0.127284024791542,0.317960710505006
0.719357562918045,0.630328814655416,0.222880958438666,0.355276680178066,0.616699894336789
0.719405533572899,0.849402827210523,0.576272354062037,0.103446899719393,0.866496585605024
0.720299189967333,0.725247343498373,0.384780180070239,0.189718535133722,0.397178806733152
0.721597132004682,0.215998008108597,0.790786872622263,0.514771588938691,0.555044837600402
0.727111239870687,0.446352615947538,0.432546386123055,0.298688427677999,0.0599142046576271
0.727168400379461,0.948882711741866,0.36095026922802,0.734322359806766,0.846529403285658
0.727295703022793,0.417641271492223,0.799061803589637,0.589158603314194,0.396806895101165
0.727346733111401,0.806993254654286,0.804236279837128,0.522100193605972,0.790581550930947
0.727819490287377,0.445679823858157,0.838235975027426,0.992747576055697,0.168412217880984
0.728327979461209,0.911627435200025,0.228756576056597,0.603238265822881,0.0103643790888722
0.728671716514413,0.271099417235113,0.60973179740691,0.297242030695802,0.111788722708257
0.731293549857125,0.798444254766518,0.786284036629558,0.378550737410665,0.174778664281482
0.73242090550251,0.529646377418489,0.974315872573114,0.103562651160616,0.0293269895896349
0.733012505524816,0.908820927880488,0.399328429265853,0.366532483627925,0.3935107401546
0.734330200742573,0.153156257004478,0.928964801293577,0.738728979330615,0.305054021165106
0.737479419477784,0.621061527594932,0.90688653803507,0.499949207290394,0.718808964344897
0.738712607549068,0.751663921406205,0.464043368948885,0.183299320019268,0.732245614140509
0.738731033860174,0.877815542966812,0.32826875039811,0.342342908687307,0.637920749171789
0.738777771583748,0.427096257688259,0.907354808475253,0.443320893375701,0.127822299283932
0.738835655794053,0.337876779402104,0.0573943181115859,0.521559662455926,0.747995619291006
0.739720607113103,0.425668474518982,0.188965332654366,0.0493586958059395,0.0447210821128327
0.740640204617028,0.286904020014333,0.796718908286193,0.555517324431048,0.492415695453145
0.741670446331037,0.882325966968808,0.819131996520413,0.671174399831591,0.279139849677783
0.742253575774765,0.99893735558537,0.241971198905531,0.539132352809421,0.0130838670143263
0.742395178298399,0.738832254015234,0.258113255999517,0.32014291239325,0.723363696905421
0.74517472806789,0.154017276232375,0.618786526718974,0.891271161381996,0.719253399296351
0.746488169954789,0.575090438566798,0.908549525020189,0.974126416343325,0.359622792241797
0.747017696574521,0.97662132555341,0.0654645715563107,0.0342962619999633,0.531433268122008
0.747135972885189,0.395903461208209,0.821353525764952,0.23957637699895,0.0142973312746552
0.747674118436213,0.958593003689882,0.0639016711463452,0.678224126939535,0.442265248700239
0.748213626946422,0.724882256383909,0.956790526289497,0.71957202475292,0.18789861860945
0.748330262803477,0.776656226674668,0.0349822849409034,0.682064471031633,0.666829160039589
0.748418652975973,0.565834019978347,0.997735979773324,0.771163080213046,0.914466037759236
0.748727280124328,0.790044485454323,0.781679826661115,0.945190804272722,0.517349233632873
0.750089983488543,0.723458708734656,0.715833638570424,0.4523882665424,0.621191657295655
0.756261475709856,0.956617051122946,0.529818635947425,0.178459197784273,0.734918843743705
0.757150764154326,0.970329418796307,0.804247540654593,0.0564987373903816,0.182099790582197
0.75715846949648,0.0916994883398988,0.181326261018145,0.379941220729444,0.896488227238531
0.757536341832873,0.0664906497451696,0.305462202307119,0.35647776993323,0.939838254337713
0.757918233246777,0.371558450597141,0.15655171869925,0.654589710487762,0.0912104015125412
0.757953934801518,0.970874751988099,0.435666044620737,0.538112282800573,0.102731676251023
0.759280151237716,0.72115718346831,0.970013174675087,0.24857944074091,0.569715406944438
0.759305444740498,0.55221937777743,0.58023249180469,0.849790098652774,0.234818248522346
0.759687935323131,0.597096973961872,0.830077173704864,0.481798320776792,0.363779007864189
0.762348502525266,0.897329193515009,0.386375844873445,0.897008315680652,0.675930708273143
0.76316602510702,0.906503297816296,0.129618623816683,0.592348112171321,0.0765090983525664
0.764897800510776,0.191160545320537,0.190829412717135,0.3604042770197,0.343792421289708
0.767943890319528,0.144460919968261,0.39816237711045,0.485289450415378,0.372624260801018
0.768452113958302,0.378457412222976,0.634571295971392,0.373754868456556,0.522011578805557
0.770087452045645,0.214036775065934,0.486898298871691,0.0799547034648465,0.79117052588079
0.773097970039387,0.568214714082411,0.646573091835647,0.823090104861606,0.274706538681145
0.773890998889309,0.518568287261806,0.217886250517214,0.646563331304311,0.517917168369214
0.774161726265183,0.689358266199527,0.265644013654779,0.836747234202809,0.0573122580666343
0.774611872928455,0.455602106460509,0.247432873807587,0.58720962744222,0.754127262526012
0.775165459613869,0.631601067289842,0.49115556298426,0.425374317376553,0.59848756193256
0.775431767034123,0.967759636815928,0.640870288169766,0.755118437130233,0.15987275885464
0.776399255277813,0.760938377788029,0.110083465534542,0.895566443250527,0.590398235040816
0.778546128041703,0.766317274370885,0.0623420486313578,0.593313383711502,0.10789230851418
0.781681778277845,0.267868293585116,0.788515375474457,0.0789897231088653,0.348372558719299
0.782265972162975,0.358864936659553,0.432596536841419,0.47606009927654,0.723680484135885
0.783657434008827,0.0639725182542102,0.972300312775366,0.603541763621437,0.0966266230433772
0.7841270274749,0.742962315665952,0.542987352374312,0.90151183576853,0.644566224735289
0.784362887821808,0.474768329821097,0.0808460113494329,0.136630342828806,0.0519654842517967
0.784654680221485,0.675957201702169,0.434675873117433,0.948102236245469,0.0640980052808117
0.787036774387481,0.273970340414811,0.400173420848008,0.923551261388231,0.292829610083521
0.787443605814668,0.425049739023589,0.275009792425157,0.153914515712914,0.614629194324132
0.787693546613555,0.568740443803014,0.958756921956043,0.0717468435078286,0.0112204544432973
0.788135636370071,0.378188210113517,0.446596440169203,0.702146989068384,0.731391705452838
0.788283984026919,0.779144192111784,0.955183839598853,0.32742371163469,0.800350387947629
0.789819513768107,0.00317726473438762,0.893393781630662,0.0147554983520319,0.494894581780918
0.790213551835248,0.200597552541351,0.99626851072718,0.676342793813034,0.710664940067149
0.790587527491233,0.545366948317161,0.153469407799863,0.70867043451161,0.634804165571924
0.791945012552107,0.967092453004442,0.58378215852233,0.407455342435367,0.232836093164044
0.792048062497391,0.716455874206007,0.529509509421184,0.102205755991926,0.354664189148112
0.792067001328556,0.244766216743813,0.816573533075648,0.165001861922716,0.308029426654619
0.792378324816737,0.0697480922626674,0.828470631417097,0.206538420408243,0.854507421818445
0.79300223573447,0.530920326518782,0.196795280383026,0.605467095370523,0.95543558180011
0.793778670348512,0.13728307287999,0.129219133315405,0.576538892782125,0.876636860328713
0.794371448631307,0.125084158007945,0.67655349616172,0.311016573938192,0.416746159880173
0.794785559035756,0.28759735155742,0.284289116400108,0.137121977734418,0.507821480549943
0.796014568867704,0.0120233375739399,0.713183106337416,0.193874402273731,0.926198153290609
0.797788189494096,0.0955782281253956,0.399961864586141,0.596992881985111,0.344420705880329
0.797962204447309,0.111761470396403,0.905680322300139,0.844872649140198,0.492421401561606
0.79831408308021,0.620332674320607,0.559837373797065,0.580464803713664,0.637734017278605
0.799686624804644,0.668228337858386,0.809946815070828,0.380516300174175,0.895907539440173
0.80049986076873,0.0398475008924675,0.141795751740657,0.351089868130725,0.643234106940034
0.80162230631508,0.959288723057054,0.67439632589643,0.401685564357083,0.439599979444392
0.802202178906401,0.268187523408796,0.921146277146987,0.300268970334753,0.453559441489318
0.802996379286108,0.0814965823838198,0.816614440783048,0.618256676442999,0.670310019520092
0.804783828780175,0.0342708948659173,0.575010315474108,0.808081447291849,0.334413488822878
0.804889673779446,0.150435728448108,0.389300333470762,0.906248331513915,0.0669874307501631
0.805267297635433,0.58321359654909,0.417147487867677,0.756104194477763,0.306055720710478
0.806189645733725,0.929507923793932,0.0193325967231857,0.761597982782591,0.603051060044045
0.806716015291715,0.441148312011565,0.605143599074304,0.784360645016731,0.629817868379091
0.807811207675693,0.9890415917446,0.0945978893449516,0.380663779179727,0.285203484332663
0.808247366979281,0.869323255064457,0.322430878368402,0.146052091797417,0.470598959727016
0.808695512737925,0.121841610054854,0.666050368713066,0.433248293229115,0.362604572782088
0.810129509832692,0.779443165720922,0.101266633190795,0.64697910479048,0.657168216036714
0.810784541101316,0.125584268559209,0.143533097033189,0.726192799270104,0.445730958177544
0.812636385775984,0.503114672761298,0.448093250950899,0.518356338980037,0.347723192695842
0.816657869237454,0.606131759389423,0.428373048036282,0.817841681068066,0.167827708425684
0.817546704707282,0.810853784598876,0.859450419795405,0.42699055823081,0.996423607919638
0.818370198964757,0.711533976371191,0.583053531245655,0.961611628748891,0.0173869249304102
0.820123624171821,0.876476103556867,0.428477593633851,0.758145374626805,0.212242519268368
0.820575982939573,0.880604292511579,0.441097675068658,0.404372532737707,0.437774280133287
0.822439267056292,0.258548884361818,0.263970660843424,0.855033408437334,0.301121413722734
0.822653561158606,0.706028329831995,0.290202196580577,0.132821686163433,0.27999697494331
0.824396709548242,0.982874314821169,0.519838500271786,0.93819664587878,0.741206395549934
0.824633236038294,0.727581093112644,0.22300904277175,0.259831859670961,0.965373531078622
0.825649989994876,0.973954145692078,0.242970250921629,0.432740934798816,0.474710003612981
0.826785301465952,0.433352559966111,0.314112668019192,0.459081521527663,0.0161027507918959
0.828280270881282,0.960595897630585,0.806066588301787,0.548066911064257,0.504359780762734
0.828363667546585,0.217891212061694,0.16699116553042,0.727159960434458,0.0586255751084055
0.828552855541459,0.415151690528069,0.578032920363319,0.0990324600505317,0.832912384105407
0.828819691141441,0.51042636095327,0.348151885523119,0.973702708957246,0.921243055684344
0.8300114375863,0.285133462638043,0.168444723953063,0.267585368411324,0.778050529499016
0.831849880664806,0.181890557882741,0.939866138223327,0.914491782054582,0.163559193899743
0.832142882335474,0.720745500458894,0.580180339875577,0.313601462605439,0.538427479061901
0.832304454369848,0.607371066617602,0.468765850520912,0.777058598287295,0.935785662295632
0.832475026591379,0.217626622893063,0.163670621744391,0.69135253930652,0.924926210208933
0.833193605858737,0.0916062630297847,0.0433080963751025,0.064148789564475,0.348265950752917
0.833638920620638,0.327474259513805,0.0459544528666211,0.869968918189405,0.80308400320993
0.836052426658696,0.651579457195294,0.174610632976036,0.904900645763287,0.217346748370756
0.836167527246825,0.0101457500922325,0.813402264899086,0.159700734052653,0.64237508408152
0.836950030872697,0.193485853582188,0.259695618433796,0.168405698428294,0.463506865876196
0.837103279031751,0.558239594779947,0.103814782651106,0.85526607041321,0.190344628030756
0.837552198504066,0.901878505901566,0.418441479002589,0.238088911770812,0.226607511496155
0.838161131726778,0.378806067071634,0.304784161642443,0.974571169963958,0.0514781512552508
0.840163857925737,0.409629985963109,0.466052241640922,0.962841216037584,0.438988765380035
0.84042044696273,0.167932589381953,0.70909508384964,0.683881583354393,0.756773387686601
0.840722266443398,0.314539848571178,0.508313009040244,0.808786139096593,0.823883649864703
0.842029504434635,0.520579367380017,0.388038069974207,0.692699055629129,0.294898346991532
0.8437210310039,0.52512101396906,0.982859184594668,0.856935835270173,0.404134625950054
0.845492629483514,0.109997194842048,0.224524553336017,0.34401498111718,0.677600524047734
0.845977228606973,0.530445456579364,0.707605986488196,0.80294782212672,0.953103538581981
0.846388684543292,0.96148625715627,0.0903127352856981,0.766825438969897,0.0248424216656624
0.846476935922661,0.0313148061504409,0.828434587203008,0.930053219530656,0.117262739217962
0.84947600134364,0.876815022150563,0.51011925366128,0.43911820541147,0.482942333755868
0.850409858251714,0.424931183524876,0.221580499489749,0.499136927267249,0.899123861423961
0.851481954780221,0.871583689351562,0.0353025299471756,0.172048111874952,0.649358746529001
0.85220948812203,0.692120226998751,0.201647153298904,0.300818409726586,0.687466619742027
0.852908745231369,0.75703951847586,0.631218455441575,0.177016043504957,0.926407157098554
0.853761688524587,0.688807044774572,0.461684496488332,0.581867980228999,0.839009167320221
0.855921636947752,0.781522651309255,0.948929804519657,0.939412832737864,0.516202663397852
0.856537601321621,0.994015911858732,0.280556598142782,0.446957299146988,0.329405466987943
0.858025370209453,0.878973846599332,0.685926116437637,0.434038639259104,0.0475684765606691
0.858316796023346,0.62381096330808,0.518271728575502,0.480756369506705,0.306938911659444
0.859477144406444,0.373317829808321,0.801761242973036,0.650234438862078,0.56983149379317
0.859973843692663,0.317689684176363,0.971602452337381,0.154008580097915,0.539180447961038
0.860918796611026,0.92554276486772,0.424016840504236,0.810700710998895,0.762303040962266
0.861695008718736,0.492171259272353,0.324254811212058,0.370412379306934,0.31903756749757
0.863258540559901,0.0897736340267153,0.415145682077322,0.963488280571831,0.749754307661468
0.863643463462434,0.896157434562775,0.880869503011166,0.694859162934643,0.744718149025705
0.866476420992838,0.977198260848376,0.126663314260811,0.879016163320059,0.454460742891694
0.866706271697933,0.540219302150664,0.0802646275537059,0.438083604851226,0.259408031116373
0.868950900520154,0.481723192247121,0.558440039511648,0.557221023059154,0.678702790220863
0.869693032693991,0.0736061307506023,0.861926621438791,0.433285909093465,0.684174307762781
0.870900718064827,0.183247159943892,0.34101411030416,0.758922559365245,0.537149596656765
0.871681976441323,0.139919889520453,0.0162825536223754,0.852375787151127,0.695997788483381
0.872002145466778,0.356484156279608,0.588745528605038,0.629740149655975,0.32378736967358
0.874285119942708,0.114401278721662,0.753581470197562,0.891845693826279,0.937290380549169
0.875233039277568,0.0738353604633349,0.681018008104165,0.336885826085107,0.259686312588506
0.87528268019388,0.27254804988843,0.283917454698583,0.0831952498878953,0.668574890264944
0.876508487446845,0.435472023774651,0.13663303238639,0.0113300513836901,0.364359910045486
0.876829557243819,0.992737631294711,0.0937553111713212,0.943234206408962,0.10708839955975
0.877901635820724,0.607054969735293,0.860949089103837,0.617232468110452,0.593098196266203
0.878504857620729,0.0224509620376667,0.424469986579628,0.404874443888309,0.897223744826558
0.879556991693605,0.97811221049485,0.168105268247641,0.508252064976506,0.593103184955249
0.879842193769806,0.153425431927021,0.718400734123366,0.00847423194155961,0.638787885336972
0.881352814657079,0.889757592057214,0.0952808770093054,0.0766055629506109,0.425204689342426
0.883354376608119,0.614389269174566,0.11190066076972,0.825925886908257,0.236994247170202
0.885715838134897,0.94236082852963,0.914398314442574,0.864781698209823,0.598127313326546
0.887093362945226,0.256919275512097,0.358427636951333,0.393345382592014,0.396944731290823
0.887326579451826,0.407491290302073,0.141816370950941,0.00446114804216502,0.818878552761969
0.888499638996542,0.775070711440501,0.822280588758888,0.194693071729154,0.382055538955754
0.888721254875391,0.278072556412672,0.491869874567966,0.78008704325976,0.421086262944373
0.888842341112199,0.629501671560865,0.064105941014906,0.757648467463006,0.656228495115062
0.889671251769614,0.361884766096166,0.676367762339147,0.807974927922483,0.113789807451064
0.891772155131654,0.213237925120459,0.636139008645793,0.60925854108403,0.701184970536691
0.892472453049291,0.345280378717792,0.0805673009239308,0.193621982657256,0.964015937706506
0.894414243427353,0.412970393183922,0.236307873552953,0.968109025296514,0.830480916680207
0.895502012450452,0.163723955923687,0.621350792395628,0.932193359196872,0.331539955860905
0.895947779622096,0.617149959674567,0.873855478538618,0.987781124263612,0.58064405022573
0.899552101502665,0.0898098879354711,0.532357346670746,0.673620870312758,0.755167140259959
0.900341006081089,0.438181870023572,0.543676069037676,0.30476885524585,0.713345381914946
0.900597744618627,0.51664302112176,0.634138147662946,0.973689594593274,0.461552383778851
0.902417928326231,0.851815285589269,0.0325917922804437,0.296425847729493,0.0506021581783623
0.904513016878465,0.425286386334643,0.104578630545849,0.212045832814161,0.331811326855709
0.905487329016586,0.990529334302469,0.523997273889528,0.59998170968759,0.594389455161452
0.905980449711056,0.320757064660418,0.231243180933921,0.542111720374395,0.916921352125118
0.906450019303969,0.186335529100702,0.0287861049296658,0.245875235268404,0.485258809822885
0.90708206682137,0.714807050474105,0.664641356836543,0.999448971390378,0.33249868418861
0.907505274069729,0.451370809684955,0.129932951614421,0.998168271284668,0.189409062205332
0.90854440365025,0.881629994790013,0.425242772902521,7.39335770538752e-05,0.820994546935882
0.910851126324184,0.775025689962241,0.673959217802466,0.618872290886971,0.413152066815883
0.911185720328523,0.945348787791639,0.990389983584254,0.808216822906653,0.505692448683919
0.91119242884022,0.603759426552689,0.174861225612536,0.623709234135018,0.569914349014358
0.913763725215688,0.630590383638054,0.696357727955666,0.510166553347364,0.192901989423697
0.915723151614534,0.660318282163125,0.185086628538735,0.210792055986132,0.633813978300454
0.916504111010662,0.0840585998594031,0.258051248691284,0.0433800556813319,0.248355247547984
0.919901363134868,0.461657464107991,0.649769679507266,0.703049812286035,0.319453111261942
0.92087682353205,0.111280571103007,0.281589166159224,0.68379834206274,0.838402608756176
0.924375602736177,0.536648173793507,0.22685114591404,0.532262097804393,0.449172017844814
0.926054760985941,0.741580342770005,0.237478171531178,0.310406171229421,0.873825773621753
0.926835145406699,0.528711898367735,0.259901265487771,0.465441546759527,0.298062236145094
0.92728035439936,0.596440727235821,0.162861126313644,0.272095361461968,0.172989364509112
0.927428647748805,0.318054372419322,0.607534990065537,0.449635843063718,0.521981259694099
0.928471808831839,0.17062158632833,0.0537377978224084,0.0293241123476947,0.779639443833603
0.928529406713592,0.616468850967163,0.321093264444702,0.93470116941582,0.149664105303348
0.928710835304755,0.320209671426157,0.87775918980391,0.700856710274513,0.206846838462889
0.930120144061947,0.0292861332860498,0.292683596938,0.258801653161318,0.884360645947479
0.930301338228933,0.276605782073797,0.324061031117453,0.283957238018756,0.777836973559024
0.930628822268718,0.14816305935392,0.556149994390713,0.493353250001433,0.502421972529354
0.930802794741394,0.328239997535495,0.988482243012287,0.0191666654402798,0.216289591681076
0.931936746975513,0.796929561338388,0.7443521799962,0.278375734918771,0.466389296693143
0.931981429492658,0.642170222496799,0.733091225545276,0.874417544562118,0.264398923042338
0.93407841453068,0.958893447208648,0.954576107771929,0.40262126523765,0.856217447370269
0.934998671026996,0.95071669894304,0.258728319443232,0.393311439318474,0.552941825691261
0.935813288497315,0.530723581584766,0.877221510803783,0.835228567475913,0.928935665275031
0.936860742600308,0.266990197120926,0.312333771010346,0.0839396235940845,0.246046032482717
0.936996636793824,0.767021757886534,0.601346407503426,0.956182186144888,0.682045019145825
0.93802155723225,0.607377800028162,0.397056210106296,0.8790154786391,0.409084090828811
0.938597900727205,0.761507163829187,0.859702254226447,0.0562167692335156,0.141869850833385
0.938899963410325,0.0579753249674162,0.391681517419391,0.952065614552366,0.540526119338446
0.939671596272712,0.142632778936698,0.147205047718601,0.90142040496197,0.131284219393697
0.941123967428511,0.166952498390275,0.855880283157922,0.73532773338309,0.418768954706078
0.946523443660567,0.461958935455464,0.685579440173825,0.199806651127325,0.543456031093595
0.948157534812833,0.695424557384927,0.790873596754484,0.419603922629909,0.83745023558209
0.948278710955466,0.175014728412052,0.269923101528854,0.873164278154414,0.837900449095441
0.949240627233084,0.275350279314674,0.0933191501421066,0.789940849883973,0.241915788011649
0.950353490513984,0.296613092041325,0.933367035373425,0.338263383061555,0.299904918967185
0.951105052081144,0.212749573352599,0.12602500389977,0.51592509238978,0.855088619240342
0.951563836368381,0.611287045828178,0.599770225428786,0.384308339853684,0.989191958605462
0.951887882170099,0.120566995706688,0.951137954398432,0.553956353352095,0.110663463494512
0.954013744692784,0.0543605498699473,0.555508419323977,0.115364231245223,0.518087840973396
0.955726012542669,0.478047779409584,0.582468668870504,0.27852885138082,0.0559327094009257
0.956580583362327,0.27850591777576,0.981322114529533,0.135540426407628,0.511238454761319
0.956703606596671,0.268208449506612,0.902234260190305,0.931460574723358,0.0814341000567961
0.957315411567651,0.91622174734147,0.55258162794108,0.99180721638263,0.866723840146016
0.958110618863192,0.429242036405712,0.122686301726737,0.551257350492901,0.147735486618356
0.959966482630091,0.395408012059265,0.857321181770915,0.635643507130864,0.231309821394203
0.961219012410983,0.188933463031362,0.0397795442038889,0.062468101076842,0.407010404102642
0.961439610517837,0.497508484654534,0.870649079743115,0.438339389533556,0.136170611625815
0.964168180246058,0.0289961774769988,0.606281630434558,0.170766984773304,0.194907220851385
0.965191642894027,0.542768911276629,0.5550881101582,0.853030808041202,0.715151205267871
0.965514904446286,0.301026941658217,0.263971482620191,0.377441539597471,0.284334536926044
0.966702005063991,0.460504028586852,0.372937849313976,0.77754382520324,0.0932896254234417
0.969308298866411,0.186382059337146,0.442452519844676,0.753638407392678,0.252696410897019
0.969584427590807,0.404752312321499,0.0580068150130946,0.295753896108793,0.136395092586256
0.971035485409373,0.488117136617045,0.861124801370978,0.767842963639545,0.741173463627264
0.971433214284749,0.984959665409757,0.900879693637962,0.46901145750537,0.558827045705254
0.972150840935148,0.704238441073574,0.736754206669912,0.985997777331523,0.741559542612891
0.972510338313947,0.768637662519672,0.0232952358321538,0.0912168103482063,0.690084579256376
0.978538160243678,0.948322298178369,0.358400376522914,0.525269355195397,0.874429094310285
0.978558955309026,0.387806681892762,0.121915548351526,0.589606438454759,0.109172860502643
0.978609763754846,0.0183733967109805,0.241305720471971,0.820249038054779,0.0578277521777769
0.980395126252835,0.396724358856348,0.87037122031172,0.205239082352517,0.823201061074928
0.980487206685855,0.936083615254719,0.513268127828168,0.936543036972422,0.446878937928708
0.982687802974098,0.955117711267026,0.171836238765551,0.589985436037871,0.202589008910586
0.982797647953506,0.285643294824282,0.898068922063116,0.294525406542816,0.232019041822638
0.98464273563072,0.142715930387127,0.269500010509823,0.170098165329199,0.736624715037985
0.985055604524747,0.187482780290635,0.813548224731922,0.321491907721351,0.00288774509561229
0.987642256866403,0.75156377398684,0.239713177935322,0.393926315230782,0.754510784702296
0.987951967656024,0.874424628909035,0.240820779500018,0.299471068556099,0.407214771262226
0.989771061420198,0.507608302715694,0.980138726709384,0.531392965039603,0.538875114256029
0.990311323399718,0.477180777576018,0.549696342345876,0.849272450184556,0.923094204600217
0.991076399886198,0.985958765691952,0.787625789822402,0.678362941175648,0.0712852111294682
0.993260751994598,0.32375671765599,0.959482620708005,0.34024226063819,0.671103187580155
0.993735695560811,0.365334046675389,0.164179812891284,0.665889426918717,0.750146571002327
0.993762320965993,0.965933497190346,0.0731336962951644,0.846632465315532,0.63483854991718
0.996031119442512,0.800077397173464,0.93311964719537,0.668035593540186,0.00682427912703176
0.996462675076854,0.0651194074691477,0.952082633878,0.913814142909148,0.690338891464082
0.999669379464957,0.090721227330344,0.581939747175456,0.547657254432423,0.439619611546473
