2.503618e+03
2.574021e+03
2.509298e+03
2.472651e+03
2.469844e+03
2.543870e+03
2.608621e+03
2.443584e+03
2.442554e+03
2.829287e+03
2.471430e+03
2.279128e+03
2.443322e+03
2.452682e+03
2.460560e+03
2.597741e+03
2.489607e+03
2.496539e+03
2.462888e+03
2.516433e+03
2.465476e+03
2.793102e+03
3.140892e+03
2.485506e+03
2.463609e+03
5.225582e+03
3.078001e+03
2.458880e+03
2.534179e+03
2.902879e+03
2.468756e+03
3.435878e+03
2.466377e+03
2.557687e+03
2.474891e+03
2.377318e+03
2.468004e+03
2.365585e+03
2.461378e+03
2.488218e+03
2.468149e+03
2.468874e+03
2.308050e+03
2.558458e+03
2.364862e+03
2.548806e+03
2.367771e+03
3.387547e+03
2.348974e+03
2.427990e+03
3.055943e+03
2.496645e+03
2.553235e+03
2.437919e+03
2.357294e+03
2.362313e+03
2.499013e+03
2.355407e+03
2.306074e+03
2.346744e+03
2.557126e+03
2.464748e+03
2.538753e+03
2.485203e+03
2.507015e+03
2.455115e+03
2.383574e+03
2.384219e+03
2.992084e+03
2.877779e+03
2.758641e+03
2.496919e+03
2.519129e+03
2.496224e+03
2.478847e+03
2.555089e+03
2.343204e+03
2.414995e+03
2.334875e+03
2.328772e+03
3.333114e+03
2.343555e+03
2.517574e+03
2.323838e+03
2.312732e+03
3.026889e+03
2.345863e+03
2.316827e+03
2.320089e+03
2.336405e+03
2.336583e+03
2.346245e+03
2.537505e+03
2.477754e+03
2.346852e+03
2.356527e+03
3.078761e+03
2.347789e+03
2.347217e+03
2.384536e+03
2.354558e+03
2.368425e+03
2.347310e+03
2.564045e+03
2.345744e+03
2.528597e+03
2.306972e+03
2.347762e+03
2.418028e+03
2.348490e+03
2.349900e+03
2.450507e+03
2.390910e+03
3.281036e+03
2.490749e+03
3.488822e+03
2.308998e+03
2.411476e+03
3.610651e+03
2.494944e+03
2.899517e+03
2.344104e+03
2.309192e+03
2.309282e+03
2.537463e+03
2.309949e+03
2.310992e+03
2.441495e+03
2.485778e+03
2.294876e+03
2.310270e+03
2.543532e+03
2.312538e+03
2.311529e+03
2.315201e+03
2.312032e+03
2.312601e+03
2.312229e+03
2.344101e+03
2.314054e+03
2.313752e+03
2.526120e+03
2.376489e+03
2.313824e+03
2.285724e+03
2.389124e+03
2.313596e+03
2.546585e+03
2.318569e+03
2.483823e+03
2.601544e+03
2.474196e+03
2.338216e+03
3.010387e+03
2.490406e+03
2.492121e+03
2.535054e+03
3.987865e+03
3.081053e+03
2.556628e+03
2.639795e+03
2.316910e+03
2.512611e+03
2.504003e+03
2.461075e+03
2.317139e+03
2.317531e+03
2.348794e+03
2.419153e+03
2.356473e+03
2.318819e+03
2.301784e+03
2.858310e+03
2.319101e+03
2.319406e+03
2.281663e+03
2.319603e+03
2.319449e+03
2.319924e+03
2.537192e+03
2.320277e+03
2.320598e+03
3.278819e+03
2.321061e+03
3.156105e+03
2.320866e+03
2.310516e+03
2.361067e+03
2.472462e+03
2.465811e+03
2.321791e+03
2.780719e+03
2.321790e+03
2.321830e+03
2.355604e+03
2.561144e+03
2.322095e+03
3.869065e+03
2.605895e+03
2.471017e+03
2.322795e+03
2.323261e+03
2.515817e+03
2.493122e+03
2.323865e+03
2.323614e+03
2.865218e+03
3.123174e+03
2.484239e+03
2.559081e+03
2.347053e+03
2.567188e+03
2.469854e+03
2.742896e+03
2.325635e+03
2.325262e+03
2.448486e+03
2.479016e+03
2.326527e+03
2.318883e+03
2.499559e+03
2.326948e+03
2.658325e+03
2.472697e+03
2.328366e+03
2.351663e+03
2.552432e+03
3.073840e+03
2.539216e+03
2.406347e+03
2.330565e+03
2.558826e+03
3.133690e+03
2.352610e+03
2.332959e+03
2.837658e+03
2.328576e+03
2.333946e+03
2.333509e+03
2.615063e+03
2.333792e+03
2.986511e+03
2.436026e+03
3.564673e+03
5.152231e+03
2.529015e+03
2.329728e+03
3.308867e+03
2.330247e+03
2.492344e+03
2.336249e+03
2.542627e+03
2.330258e+03
2.382847e+03
2.433517e+03
2.331858e+03
2.554462e+03
2.765755e+03
2.331439e+03
2.335401e+03
2.382282e+03
2.569964e+03
4.972289e+03
2.873201e+03
2.556667e+03
2.553687e+03
2.334999e+03
2.354920e+03
3.637105e+03
2.981705e+03
2.334227e+03
2.335097e+03
2.509572e+03
2.460495e+03
2.571303e+03
2.468902e+03
2.497465e+03
2.335833e+03
2.432945e+03
2.509262e+03
2.518346e+03
2.266662e+03
2.338576e+03
3.197108e+03
2.421651e+03
2.545267e+03
2.457025e+03
3.074389e+03
2.559853e+03
2.374833e+03
3.161839e+03
2.559667e+03
2.492731e+03
2.334807e+03
3.768166e+03
3.486139e+03
2.555461e+03
2.530749e+03
2.344051e+03
2.581770e+03
2.533867e+03
2.517028e+03
5.199964e+03
3.880018e+03
2.557309e+03
2.564296e+03
2.342030e+03
2.528756e+03
2.583753e+03
2.534816e+03
2.573255e+03
2.537718e+03
2.344400e+03
2.580921e+03
2.563650e+03
2.381551e+03
3.537125e+03
2.519711e+03
2.343975e+03
2.974078e+03
2.321328e+03
2.586709e+03
2.555345e+03
2.346142e+03
2.444993e+03
4.486691e+03
2.346355e+03
2.367136e+03
2.554287e+03
2.571566e+03
2.554193e+03
2.347428e+03
2.388194e+03
2.534552e+03
2.347128e+03
3.848454e+03
2.529612e+03
2.348273e+03
2.349005e+03
2.416827e+03
2.582214e+03
2.532906e+03
2.558140e+03
2.349606e+03
2.501345e+03
2.533686e+03
3.223553e+03
2.351694e+03
2.352240e+03
3.009820e+03
2.581800e+03
2.398659e+03
2.352884e+03
2.548506e+03
2.523194e+03
2.629191e+03
2.373957e+03
2.392427e+03
2.354810e+03
2.396797e+03
2.566283e+03
2.350501e+03
2.583832e+03
2.378255e+03
2.472859e+03
3.554882e+03
2.409383e+03
3.255451e+03
2.600713e+03
2.518072e+03
2.405899e+03
2.409051e+03
2.334472e+03
2.379353e+03
2.291298e+03
2.998532e+03
3.913808e+03
2.463268e+03
2.409920e+03
2.399955e+03
2.411087e+03
2.328153e+03
2.494910e+03
2.404550e+03
2.357869e+03
3.161814e+03
2.418156e+03
2.400062e+03
3.276653e+03
2.424090e+03
2.508175e+03
4.636020e+03
2.566069e+03
2.534865e+03
2.353965e+03
3.020876e+03
2.583013e+03
2.397383e+03
2.397250e+03
2.397548e+03
2.420412e+03
2.464915e+03
2.523931e+03
2.398883e+03
2.510008e+03
2.396573e+03
2.403521e+03
2.505963e+03
2.513648e+03
2.485863e+03
2.481500e+03
2.514876e+03
2.192269e+03
2.397730e+03
2.505782e+03
3.757861e+03
2.547379e+03
2.396089e+03
2.932125e+03
2.563886e+03
2.545114e+03
2.489730e+03
2.314238e+03
2.403498e+03
2.570581e+03
2.442305e+03
2.402294e+03
2.376458e+03
2.491621e+03
2.410687e+03
3.723302e+03
2.538085e+03
2.346269e+03
2.604407e+03
3.013962e+03
2.547277e+03
2.458318e+03
2.528292e+03
3.000469e+03
2.529641e+03
2.429392e+03
2.502010e+03
2.391665e+03
2.531099e+03
2.914004e+03
2.485915e+03
3.452278e+03
2.428905e+03
2.576229e+03
2.499854e+03
2.351457e+03
2.434696e+03
2.590975e+03
2.555970e+03
2.553956e+03
2.430737e+03
2.488694e+03
2.526629e+03
2.478645e+03
2.383369e+03
2.524947e+03
2.438107e+03
3.700655e+03
3.927827e+03
2.491972e+03
3.047010e+03
2.440947e+03
2.483772e+03
2.255072e+03
2.538636e+03
2.416477e+03
2.911276e+03
4.935322e+03
2.246080e+03
2.601434e+03
2.428508e+03
2.254920e+03
4.019896e+03
2.422851e+03
3.361903e+03
2.534885e+03
5.890189e+03
2.475074e+03
5.393039e+03
2.286152e+03
4.054965e+03
2.275183e+03
2.426247e+03
2.532395e+03
3.444075e+03
2.267350e+03
2.702865e+03
2.425206e+03
2.401148e+03
2.327101e+03
2.571251e+03
3.392640e+03
2.909810e+03
2.423719e+03
2.429162e+03
2.880639e+03
2.527723e+03
2.421119e+03
2.231965e+03
2.527858e+03
2.527829e+03
2.535827e+03
3.498440e+03
3.488347e+03
2.429306e+03
2.544702e+03
4.052435e+03
2.487774e+03
2.448519e+03
2.435877e+03
2.589526e+03
2.364633e+03
2.455647e+03
2.629435e+03
2.864751e+03
2.547987e+03
3.495240e+03
2.443710e+03
2.301047e+03
2.402191e+03
2.931732e+03
2.489418e+03
2.250291e+03
2.505156e+03
2.537275e+03
2.574804e+03
3.050863e+03
3.648926e+03
2.618161e+03
2.508221e+03
2.906866e+03
2.541328e+03
2.654148e+03
3.183158e+03
3.383921e+03
3.665455e+03
2.508663e+03
2.445630e+03
2.509001e+03
4.189780e+03
3.473064e+03
2.506985e+03
2.355689e+03
2.509795e+03
2.506422e+03
2.507583e+03
2.525471e+03
3.287360e+03
2.335459e+03
5.805614e+03
2.507976e+03
2.245572e+03
2.847364e+03
2.267967e+03
3.765739e+03
2.435000e+03
2.503368e+03
2.504579e+03
2.509956e+03
2.578466e+03
2.853470e+03
2.782001e+03
2.799561e+03
2.496773e+03
2.556768e+03
2.470991e+03
2.537875e+03
2.382924e+03
2.508964e+03
2.584290e+03
2.606390e+03
2.270201e+03
3.068354e+03
2.557671e+03
2.505125e+03
2.669119e+03
2.456445e+03
2.895705e+03
2.438948e+03
2.539964e+03
2.506960e+03
2.902775e+03
2.705176e+03
2.502011e+03
2.554079e+03
3.663621e+03
2.488669e+03
3.459567e+03
2.618400e+03
2.974320e+03
3.699780e+03
2.503313e+03
2.377451e+03
2.741226e+03
2.398302e+03
5.177806e+03
2.713134e+03
2.260601e+03
2.565670e+03
2.950222e+03
2.485162e+03
2.479864e+03
4.718547e+03
2.468007e+03
2.488113e+03
2.384130e+03
2.454375e+03
2.297805e+03
2.657403e+03
2.632426e+03
2.459745e+03
2.911951e+03
2.434475e+03
3.892611e+03
2.527743e+03
3.244046e+03
2.591739e+03
2.471256e+03
2.493829e+03
2.582876e+03
2.298198e+03
2.497586e+03
3.299221e+03
2.993497e+03
4.872468e+03
2.557746e+03
2.809454e+03
2.919545e+03
2.553196e+03
3.553811e+03
2.925463e+03
3.010940e+03
4.575932e+03
3.530687e+03
5.590171e+03
2.613058e+03
2.500450e+03
2.539337e+03
2.650257e+03
5.155931e+03
2.298337e+03
2.298592e+03
2.955843e+03
3.567993e+03
2.723498e+03
2.562039e+03
2.532760e+03
2.680631e+03
2.467017e+03
2.625144e+03
2.272713e+03
2.561636e+03
3.556604e+03
2.394864e+03
2.517830e+03
2.272926e+03
2.344820e+03
3.948673e+03
2.491170e+03
2.891008e+03
2.351424e+03
2.599427e+03
2.227648e+03
3.742188e+03
2.592345e+03
2.657363e+03
3.720698e+03
3.659709e+03
2.271701e+03
3.709699e+03
4.559548e+03
2.417953e+03
2.928253e+03
2.306316e+03
2.321443e+03
4.515408e+03
2.522644e+03
3.148041e+03
2.299612e+03
2.588114e+03
3.494574e+03
2.589033e+03
2.535173e+03
3.756536e+03
2.319312e+03
2.514584e+03
2.665289e+03
3.176559e+03
3.288889e+03
3.305189e+03
2.628490e+03
3.490519e+03
2.301949e+03
2.528944e+03
2.408159e+03
2.596028e+03
2.846811e+03
3.436085e+03
2.846615e+03
2.278148e+03
2.736519e+03
3.584653e+03
2.654114e+03
2.799001e+03
3.498253e+03
2.925582e+03
4.269626e+03
2.606872e+03
2.440204e+03
2.281771e+03
2.526127e+03
2.555966e+03
2.362037e+03
5.532207e+03
2.270681e+03
2.280299e+03
3.068533e+03
2.518908e+03
2.285327e+03
3.691762e+03
2.287590e+03
2.487507e+03
2.442045e+03
3.231155e+03
2.401719e+03
2.589467e+03
2.691137e+03
3.541757e+03
2.991667e+03
2.618359e+03
2.614188e+03
4.645708e+03
2.532405e+03
3.030523e+03
3.729588e+03
2.296887e+03
3.417593e+03
2.537552e+03
2.963465e+03
2.299647e+03
4.855572e+03
2.364892e+03
2.296490e+03
3.098515e+03
2.805940e+03
3.506645e+03
2.691856e+03
2.766581e+03
3.372657e+03
2.967858e+03
4.160665e+03
2.316089e+03
3.598776e+03
3.519401e+03
2.793554e+03
2.759784e+03
2.531822e+03
2.495828e+03
2.393152e+03
2.582934e+03
2.751759e+03
3.606014e+03
3.628075e+03
2.592076e+03
2.818641e+03
3.544632e+03
3.398125e+03
4.249671e+03
2.558061e+03
2.313978e+03
2.922937e+03
2.576803e+03
2.954980e+03
2.802199e+03
4.445977e+03
2.778749e+03
2.484029e+03
2.400798e+03
2.933780e+03
4.482563e+03
2.578584e+03
2.503170e+03
2.908719e+03
3.378341e+03
2.319491e+03
4.539424e+03
2.731419e+03
2.910954e+03
2.540158e+03
2.818379e+03
3.009892e+03
2.629001e+03
3.489371e+03
2.735832e+03
2.313873e+03
2.382697e+03
2.585762e+03
3.353437e+03
2.530174e+03
2.884638e+03
2.901872e+03
2.903681e+03
3.054489e+03
2.322757e+03
3.522520e+03
2.490233e+03
3.080513e+03
2.836726e+03
2.329709e+03
3.491986e+03
3.071679e+03
2.427531e+03
3.939237e+03
3.619196e+03
3.442057e+03
2.641393e+03
2.871120e+03
2.266007e+03
3.726002e+03
3.560003e+03
2.337717e+03
2.319887e+03
3.571663e+03
3.210251e+03
4.583369e+03
3.323569e+03
3.443250e+03
3.727534e+03
2.459387e+03
2.215980e+03
2.979900e+03
3.960330e+03
2.336171e+03
4.043823e+03
4.140017e+03
2.898543e+03
3.605310e+03
2.684646e+03
3.963565e+03
2.407412e+03
3.562432e+03
3.122213e+03
2.870097e+03
2.840715e+03
4.440279e+03
3.697805e+03
2.552340e+03
3.483227e+03
3.011206e+03
2.338824e+03
2.372197e+03
3.565690e+03
2.681097e+03
2.259044e+03
2.749704e+03
2.835561e+03
2.899815e+03
3.931267e+03
3.913982e+03
2.740902e+03
2.735335e+03
3.502835e+03
2.402159e+03
3.090958e+03
2.436262e+03
2.491028e+03
3.186638e+03
2.405292e+03
3.611110e+03
2.592676e+03
3.756302e+03
2.775262e+03
2.459978e+03
3.739605e+03
3.837577e+03
3.997758e+03
3.470710e+03
2.764002e+03
2.629206e+03
2.478042e+03
3.784448e+03
2.514978e+03
3.243136e+03
2.666840e+03
2.556550e+03
2.756936e+03
4.635321e+03
2.555801e+03
2.906982e+03
2.273484e+03
3.363005e+03
3.745273e+03
4.453399e+03
2.443733e+03
2.651578e+03
3.162905e+03
2.513188e+03
3.783907e+03
3.519368e+03
2.676187e+03
3.107779e+03
3.255585e+03
3.732153e+03
3.205468e+03
3.437261e+03
3.756238e+03
2.567531e+03
3.565537e+03
3.535994e+03
2.715557e+03
3.448537e+03
3.108434e+03
2.728733e+03
3.551422e+03
3.837163e+03
2.940043e+03
2.860058e+03
3.273547e+03
2.636876e+03
3.602286e+03
3.002372e+03
2.765871e+03
3.514207e+03
3.352890e+03
2.496987e+03
2.993988e+03
3.593575e+03
3.591459e+03
3.687165e+03
3.114987e+03
4.531328e+03
3.163755e+03
2.985566e+03
2.946165e+03
3.756687e+03
2.625111e+03
2.984334e+03
3.558836e+03
3.003037e+03
2.302977e+03
2.894070e+03
2.711405e+03
3.583729e+03
4.399640e+03
3.289896e+03
3.658043e+03
4.154380e+03
3.176828e+03
2.601389e+03
2.960862e+03
3.731871e+03
3.791654e+03
3.032500e+03
2.452524e+03
2.477358e+03
4.600179e+03
2.565523e+03
3.635480e+03
3.125499e+03
3.556331e+03
3.565394e+03
3.660483e+03
3.331512e+03
2.585326e+03
3.084217e+03
3.139293e+03
3.489631e+03
2.696293e+03
3.570733e+03
3.702662e+03
3.499326e+03
4.979074e+03
3.834485e+03
2.745801e+03
3.057086e+03
2.533619e+03
3.657345e+03
3.701515e+03
3.340385e+03
3.556456e+03
3.890209e+03
2.625574e+03
3.245709e+03
3.904290e+03
3.725653e+03
2.719775e+03
2.590623e+03
3.523025e+03
2.511825e+03
4.013476e+03
3.301625e+03
2.300418e+03
2.337578e+03
3.007196e+03
3.815871e+03
