698.47194137092
612.214128319354
614.048831899155
608.944574552888
603.486450198741
670.351597254851
603.705069065699
665.295417172972
605.129245554921
603.903842347192
629.604283590807
573.878974291285
603.817876192122
603.884257088883
642.833468232918
613.17969556599
565.855366955184
638.411913927486
567.579209214613
604.13993290262
626.42762714598
634.453795738967
600.795864161691
624.400082203355
564.483370016917
604.759599009475
604.640019841221
604.793380456505
660.248201493126
604.881049550543
604.940185991
641.886128870735
613.830471426747
599.001025976501
610.304017110471
604.894365718735
665.07080425986
605.198585527439
605.415991171669
607.682292298545
605.497754173579
605.794430636401
605.760489549429
617.294853155169
601.339320190884
606.166083095593
606.096343963159
650.065392354447
609.85822948977
606.521826591042
609.716994112708
625.865307266619
606.716552975479
666.374710164398
606.43990015343
601.008092855862
589.512348613002
646.048402027532
612.172554079966
612.336855016412
593.011081532363
648.339395539897
642.924976248487
639.130693540358
608.285100442722
603.916167159778
601.04869423738
687.160302853289
601.933836234002
607.377166241621
623.043891910752
623.278606539547
642.711980990911
607.58131130538
607.774268850043
620.348055928432
629.578314787218
588.347699902858
617.410286515978
608.037109217246
613.466512705733
601.074714050175
608.349627624579
608.397814714645
608.981838668083
608.407058944991
608.401198285157
608.454469892428
601.023219246592
612.001870341781
608.598072099248
608.767581356044
565.104811022502
609.221607344032
602.924175398374
608.926042599704
612.898545926012
603.648136481028
641.808373258835
601.144585690113
648.261309600357
609.173560838001
644.311093922473
609.078945208923
609.163041245797
620.946228238007
675.024715040325
609.223657391047
675.599246203333
648.010230764582
601.134285461254
600.463140783321
611.902586993131
609.37756197443
609.476017324826
651.660395489639
608.67594626658
609.740834154647
609.664875618864
591.675440799374
577.703571962156
613.767823480302
651.651973942031
673.499489220659
613.115960524284
640.184996523491
651.969961020455
598.412290390652
610.10099901796
610.102649536484
609.822506494485
607.274156415684
610.187180593937
601.161212662956
617.652501951585
645.900077589069
610.518922486356
596.047063972585
587.369030682889
610.993640803087
614.122500822233
674.620862146945
592.005229707793
650.35271232259
615.48172035804
624.298212076626
609.118632016283
664.65088343569
613.467889613071
614.799424663082
611.09540929266
598.805611569311
611.197269505418
611.160413579304
611.315558277518
557.352867714212
592.750169245104
611.242335116003
579.580969683796
634.514697708373
592.724116637033
656.379797048033
656.064337951681
611.654919482549
635.805346530817
611.679466328313
642.53429439288
651.638038668663
614.397957238627
655.570011767272
611.640083173165
636.761764196489
625.265905490201
612.088142038944
668.319562088155
593.19289680286
612.231285556043
601.185666230775
612.23801373652
625.108144838796
678.251773264265
677.993406161479
612.172680190108
671.882763063697
622.820971343676
612.777587521751
616.615950538358
597.208422395281
647.826487568099
565.751616967199
612.905739319561
612.943989433476
648.400706721286
651.096575215644
679.124982885323
649.802252702283
629.566187222621
613.782439896423
628.418326608513
593.361133007123
637.871117052518
643.032391154661
598.694430864083
614.01376750015
611.698419375563
649.737155067368
649.215415628514
651.2453551448
672.854516835696
671.588097904362
601.445624023528
600.933419528545
625.023029026864
640.619917269458
626.75506486772
619.402122571736
629.80267430258
590.677208208084
669.914381732999
648.831421739209
614.933165802319
668.742205216215
646.842555251584
675.155944645464
652.547470542715
659.51500053818
721.238230183459
608.683969426395
671.019709124913
672.053952193353
615.587473005054
644.839745284366
647.701258078302
592.386835813223
649.90823189361
675.762425160759
651.323750370684
615.94368187412
618.219047931686
676.588397856054
619.684167640008
583.11126689741
655.893699475419
616.446226682629
601.447674953617
597.772001584931
620.515151812117
661.015284311752
668.940136600794
617.099032886002
649.859339742916
655.040855043466
617.23910361848
628.577708177101
651.98775213998
589.936068095784
663.103888164329
654.191532762009
617.52690327013
605.97883719271
648.878024097317
617.598292102405
682.023326846139
673.722506767558
618.107944437937
618.30351562834
601.46159470901
638.388020314438
660.258028553931
664.548143192917
648.541040212305
618.497866576239
644.608768318448
652.379354612937
663.511868550167
619.067945259004
619.059901550624
645.050712687104
633.272998916045
655.535984739378
619.103972990687
619.294451138245
660.378571917291
644.915865556313
622.373248497642
619.070649558732
623.104098531911
619.568447600391
612.14742876865
640.285896051261
669.052300154177
616.746018969441
661.687372303516
614.573104697036
661.157174518108
669.128003714769
619.844404730816
559.278263476098
597.852340007905
601.478254540776
655.346659513668
620.279063452495
620.437965486537
604.883117677229
599.45970142058
601.409119390071
580.56449057284
581.092003424874
625.348887942756
620.996297547784
601.327773972343
613.144881203109
621.16148033471
624.309590920705
647.818928852087
621.434873211193
637.288776539677
628.734987584929
623.412852707829
622.067409652984
621.485112233508
601.614946278166
630.839389570176
670.586434422644
706.694124132033
665.316167150177
679.110477399317
629.746388294904
568.441556060126
684.754000283597
622.927332165647
622.948771080512
602.061933351498
600.381679893155
622.919310659631
653.852399165448
656.434656880392
665.052746256957
623.076204055905
626.431626645043
623.249933930408
625.98248508333
626.958343588643
649.847363728027
645.187919466899
663.990504460795
645.818847314535
657.581860720962
602.939493086548
623.777369349601
629.607002658432
648.872883071014
655.877037554818
624.260261639849
642.503355697199
601.818698681981
642.593672303985
629.954856968747
662.955858039096
601.85084736512
625.870183486385
660.704333763626
648.649342754141
637.145319072939
633.971000072676
622.829245452005
601.631133154548
606.30189098567
652.462032601637
604.293907485641
608.163599884887
663.33743628663
625.403569793105
661.116509006382
654.119001305743
641.41006181032
651.75997194717
602.171137342064
646.719242267475
625.977454011319
628.193982616465
630.335657550196
628.901533324851
648.10016531353
657.993888490715
631.140836264613
626.90725493073
672.594236777258
579.295928753915
627.119237625781
630.233951457829
627.477091518707
670.790201879095
666.341887012511
667.786236179227
627.86538487277
627.194744418141
604.160618987317
658.963854422158
601.636026419641
606.24495311297
657.48749729908
628.086535471744
598.592598703949
588.545211542727
620.852842035852
663.193129626859
628.452867946393
662.395433710873
635.393301113134
679.366317459486
663.743390935606
628.898943840644
703.859825003289
660.734835419393
638.088613096684
666.487323667499
629.151438477464
613.595216703616
660.808711791297
629.36720521106
601.829185152284
580.380545268605
665.899369188959
753.873312529631
661.450547489045
630.876588023208
618.437182290125
692.315197913783
639.924494743248
659.8596876919
641.81518408011
601.215877783842
596.419500069267
643.584754439187
613.350826342294
630.220194783105
638.17420669764
642.262508516931
666.06374049028
596.674323437442
576.671960654152
640.752202296038
601.967625877363
600.539248654035
630.539758974915
583.208855327046
631.032266410413
662.060977255342
636.100625933447
666.517260466234
676.072660677654
680.069371238042
605.852816186015
642.27598784439
601.897407161408
617.090283702052
650.431454617632
710.409440793427
618.13386590604
651.77268856474
631.415892789616
634.052467202065
632.711106030303
617.257646291253
669.488793005415
592.16000620273
685.21966345141
664.611457808956
620.561918816
668.871437542539
652.996518631405
641.487032128702
673.655378043237
669.598535254551
622.631264731116
633.632037089281
637.550851401085
662.399412360847
643.334514540212
649.665296810278
672.337776604525
663.851321444546
589.240094440759
669.378476102973
659.305831990292
667.462435570667
598.494429070868
667.232586935748
614.919475243422
633.215505782933
634.79994237296
648.080666157356
634.888586851886
655.377450861573
628.786237733111
634.975021788094
624.41845722811
635.106009387899
602.269497848366
630.914354048715
676.062038893243
651.531739317561
574.225937883552
645.892786430657
816.603617298923
635.350465088121
616.231434127608
660.307438465547
633.666546327143
602.251218112363
637.12712585298
646.153591869555
597.118164894278
672.239396439167
635.588761014192
643.344536468037
675.684727635405
655.941542125501
596.90704450807
648.588596500865
602.260688744028
653.223983441978
645.261452659616
650.956728736246
636.448415466921
636.029283678649
636.244564051221
662.242743396503
650.317014551435
629.384261247898
661.008701626276
626.916624124958
636.138809526968
678.073433910553
645.840593257303
656.661648045878
641.628312893302
661.052943182439
636.138076382051
673.497215214255
639.130173367529
636.217777741727
602.35648719853
653.753390954204
690.525484575624
652.088263788729
627.861833790328
667.072569334523
657.539033345404
632.356448878776
637.082801784567
637.636926466665
650.602905647415
602.69083490729
600.645632665305
639.103628155324
1062.91888947643
668.867834773906
643.501308251837
666.463515768045
619.838091122904
684.71393055643
643.308823560991
703.700096946322
638.304786162757
602.417895673117
643.246791834717
630.197509023078
647.204189477905
653.590277579762
681.51827881363
600.34448541227
624.807154648322
568.502626610743
617.866293490594
657.379054529159
669.82915431423
674.26649056115
586.055629437555
658.200591097574
591.62956911641
637.080512688793
679.073608027784
640.618943819562
649.304295526782
624.725786806616
677.806015812428
631.497416397198
556.343576569284
659.185714701542
659.583030547365
684.969105634119
593.59250146852
634.623472138602
653.86094287113
625.110530164095
656.450635319966
632.095430264547
661.191092493399
642.813464379621
683.004042144093
652.343945782204
633.478899995075
681.0377051851
565.741153529405
642.684033223523
642.719401423164
670.089786081636
655.487391169881
643.38883250764
599.903044504323
659.191796773259
677.488871087657
676.799767629252
669.006380803404
655.119523864064
644.337509106064
656.031419104114
649.508015618301
677.999791977144
639.561990799702
672.531717297399
644.660988252046
648.783707543371
690.382780926725
649.10697071503
698.909785427432
664.300626528199
677.497625779683
634.528159129961
668.752161250189
645.120437548723
679.162520292304
690.76478756433
683.008168232649
602.643421278112
646.529074426323
671.106280059015
560.091769579167
669.993082486124
680.165665555546
657.922362610287
602.601507557348
661.943930269437
745.264575625829
658.889716420466
712.85375574908
655.277722740242
669.752377096756
626.035172108597
673.478346234876
673.246903907412
630.286813742204
602.519748346044
656.178815573725
666.466508663006
683.393491851572
694.839196326393
597.963558889675
676.614847767079
578.122358291192
609.864224605079
656.289413564966
676.726614654364
586.652389707132
676.124024856932
676.57396375436
659.688989764266
676.583204122435
685.847621956459
566.843232934272
647.362175609896
677.105651309985
633.883023347596
679.566238084406
683.12099119266
601.832390389067
670.195371076999
691.259227630203
673.885371495314
677.23899191886
631.93700954713
648.242377436823
676.117884277444
645.376272055846
630.500070216545
731.955162849423
572.791144166178
640.510645434648
651.673648901398
640.894467466834
673.995569891994
649.366703640274
681.116419365313
654.404257953157
675.541670929302
666.406142803196
591.985208828826
642.925409334772
646.299359501929
682.805823189368
675.684639941196
615.114626693985
579.293965024448
629.276175526685
660.51329151203
652.769678048062
678.320640406843
565.081993075202
642.944688224462
664.202901320586
625.70094097352
665.183121801484
675.24795470404
608.797296508677
610.669644060801
688.882229789123
669.780287568339
653.789647526366
681.18990302783
644.561484910219
624.132021048323
621.906767011662
622.936483828592
693.150900186849
676.625318170145
588.983209299477
606.949091331199
627.079192111347
673.359027503598
640.750373271844
624.928778707602
690.873705032689
665.07164060018
653.387498581239
587.225840273738
631.369386912994
677.874029346906
675.574390403648
675.631622704527
624.048846781792
650.351260818776
644.793058365769
685.224021549812
704.132541316002
625.719251369875
647.071174361503
672.903754279029
656.060436410105
683.365555834748
669.48051587785
675.988446423551
679.349738422601
602.937703496075
677.422148043273
688.480870911202
664.385964941342
637.701836418885
649.661996353271
659.762878788894
674.52814755598
675.400232941284
673.435167318525
649.050537212574
624.729483636196
657.542296381099
677.919813544411
679.661024423007
672.74240192179
663.379220360703
689.361942850659
626.169654047263
644.790187268652
690.187764843145
682.193177843381
613.838115614919
666.892427310307
634.660578581226
643.640488519805
668.623601498752
626.446876209596
673.413651218698
688.985779488998
682.229605194746
678.173281270198
666.221878714488
658.670708672895
612.96263772137
578.048332726161
663.776978962638
627.670400804591
672.90329194419
620.734985570413
611.536494941456
678.71093215794
666.818942937121
677.799105629353
679.424839479912
578.715123636238
600.318181060302
676.131967835406
597.688182467943
609.557031053748
679.494725131482
641.285617366267
659.876742810658
650.320157025739
678.414612777903
618.431987370886
603.076957976441
674.252271723205
618.6090724049
630.313623137939
676.341021918493
652.198880500316
598.396962758038
605.750643738018
590.01398254823
662.886147575092
600.773983128857
645.52919622494
676.201084900917
668.050959156884
689.660397331667
675.51522731558
563.758074396249
645.426591644394
674.772223643052
692.257372476285
677.319057709196
696.79249550337
603.084103301794
676.443252548032
549.942260667156
679.357066650073
676.14044510573
600.094883152454
666.209999575414
667.820670167916
704.381064155748
699.303759855953
663.913792261719
604.926490155086
672.219917244203
676.697841694124
679.930273625221
650.654371016988
676.920687011199
608.794953580409
677.839602796982
601.486379490282
634.363862672281
607.601134905084
611.160227343276
632.396338004652
667.384188587199
598.272245797634
638.616154532862
668.759119755218
681.124676876699
716.485248853148
596.071051805502
673.36352550535
699.17790648458
603.288772390754
590.834937198706
598.096061498191
686.180928924743
687.585924631146
669.139748461996
674.49735348244
696.87149130066
675.738617090063
698.434679794292
681.564307171339
603.266416526606
668.590386507438
673.300398037618
653.644650552045
676.998879378671
678.999975917003
616.266308497479
668.174341208827
578.870613746285
679.253395725854
629.256919195827
603.327785116721
643.038289777184
678.306511263204
663.71588069453
648.51345239071
681.060020354188
668.72191850321
677.559936262732
685.130730848163
655.949430026833
705.130106874429
679.317425752466
603.45507145065
685.164054587781
703.121026000943
670.028771062993
700.049709557127
645.936726677755
680.45284018427
620.683982915478
680.771227111948
679.533257042685
675.063684462149
603.269048661873
678.55401004814
585.008903936911
626.702647872465
578.765748744944
667.418527644465
685.765247817668
628.897258111808
678.84597119531
690.843448684655
701.667527529264
603.358290780303
676.550275079244
608.248046231515
685.540146554438
671.391922999217
685.900780764297
662.655193669701
683.445575863486
643.390055306357
668.451220405303
671.300330470964
681.994124479492
688.350901719046
639.017305590112
633.384161340834
687.19989428416
620.792745991694
609.604339432432
679.681277345533
684.232316024113
661.321123970263
672.717040935465
606.233119148546
576.171376701286
694.939055401301
670.91401337164
659.791401395496
681.52407805471
653.595080725674
711.468849502371
683.292211152671
637.725476921286
623.594525033045
603.239126712809
606.144788126273
739.802235978471
681.649650475989
694.357705383577
791.933587408461
685.068763664948
629.610199842071
685.162971854155
578.029083545987
680.79475811653
607.19917049223
547.702500351049
682.05762943826
677.015177543302
684.736597395288
685.935849404142
684.035487429585
688.378250069191
627.572261841018
573.477487660826
663.313104074441
577.932706271765
604.61762726094
581.995025630445
682.066533822429
678.749147364935
654.955913328842
623.070702756465
632.528768119614
673.355064610622
686.247726501659
684.150603138834
603.25127228233
609.497710586103
604.135826031663
681.483042287009
685.567386184866
636.218936922941
740.313903316669
699.983716717255
611.206353630952
664.644659652247
593.192273901046
603.508059562298
588.374190830764
