3.000000 0.101448 -0.682879 -0.241504 -0.046315 -0.005780 -0.043854
3.000000 0.105447 -0.835272 -0.310021 -0.046813 -0.023389 -0.053292
3.000000 0.101552 -0.682266 -0.241018 -0.046481 -0.005780 -0.043893
3.000000 0.101739 -0.682366 -0.241061 -0.046315 -0.005776 -0.043819
3.000000 0.102217 -0.683953 -0.241837 -0.046481 -0.005712 -0.043771
2.000000 0.120333 -2.497263 -0.775030 -0.072709 -0.066274 -0.072437
3.000000 0.102269 -0.683019 -0.239995 -0.046481 -0.005807 -0.043896
3.000000 0.103039 -0.684772 -0.243020 -0.046481 -0.005722 -0.043490
3.000000 0.102760 -0.682836 -0.240380 -0.046481 -0.005795 -0.043880
3.000000 0.102766 -0.682628 -0.240277 -0.046481 -0.005802 -0.043959
3.000000 0.102790 -0.683332 -0.240434 -0.046481 -0.005812 -0.043899
3.000000 0.102915 -0.682336 -0.240398 -0.046481 -0.005797 -0.043950
3.000000 0.102926 -0.682810 -0.239923 -0.046481 -0.005804 -0.043846
3.000000 0.177004 -2.805573 -0.650860 -0.037185 -0.081026 -0.061135
3.000000 0.103168 -0.683270 -0.240282 -0.046481 -0.005800 -0.043872
2.000000 0.118297 -2.449202 -0.778461 -0.071713 -0.066997 -0.070409
3.000000 0.103329 -0.682349 -0.240316 -0.046481 -0.005795 -0.043896
3.000000 0.103782 -0.683088 -0.240492 -0.046481 -0.005811 -0.043893
3.000000 0.103842 -0.682931 -0.240441 -0.046481 -0.005805 -0.043939
3.000000 0.103944 -0.682762 -0.240315 -0.046315 -0.005814 -0.043889
2.000000 0.124372 -2.490032 -0.757152 -0.063496 -0.062597 -0.066511
3.000000 0.103914 -0.682009 -0.239335 -0.046481 -0.005743 -0.043535
3.000000 0.104037 -0.682370 -0.240544 -0.046481 -0.005791 -0.043927
3.000000 0.104339 -0.682860 -0.240617 -0.046813 -0.005773 -0.043952
3.000000 0.104599 -0.683990 -0.240370 -0.046481 -0.005684 -0.043455
2.000000 0.126535 -2.513784 -0.753861 -0.071215 -0.063823 -0.076997
3.000000 0.104307 -0.682982 -0.240478 -0.046481 -0.005815 -0.043961
3.000000 0.104422 -0.682714 -0.240513 -0.046647 -0.005811 -0.043936
3.000000 0.104727 -0.684600 -0.240790 -0.046481 -0.005844 -0.043986
3.000000 0.104509 -0.682673 -0.239896 -0.046481 -0.005742 -0.043612
3.000000 0.104900 -0.682477 -0.240099 -0.046481 -0.005744 -0.043625
3.000000 0.105069 -0.682375 -0.239975 -0.046481 -0.005752 -0.043621
3.000000 0.105212 -0.682292 -0.239905 -0.046481 -0.005747 -0.043566
3.000000 0.105955 -0.681802 -0.239975 -0.046481 -0.005743 -0.043586
3.000000 0.105813 -0.677733 -0.239758 -0.046481 -0.006074 -0.044112
3.000000 0.105880 -0.677513 -0.239520 -0.046481 -0.006103 -0.044155
3.000000 0.108080 -0.834785 -0.307988 -0.046647 -0.024429 -0.050397
3.000000 0.106246 -0.677547 -0.239986 -0.046481 -0.006059 -0.044100
3.000000 0.106601 -0.680910 -0.240363 -0.046481 -0.006000 -0.044072
3.000000 0.106456 -0.677280 -0.239978 -0.046481 -0.006073 -0.044125
3.000000 0.101611 -0.774214 -0.232189 -0.039509 -0.005362 -0.047877
2.000000 0.140427 -2.968287 -0.722577 -0.079432 -0.069711 -0.086931
3.000000 0.113379 -0.785784 -0.314799 -0.051461 -0.022563 -0.052014
3.000000 0.135313 -1.355041 -0.466424 -0.140604 -0.095457 -0.096101
3.000000 0.107036 -0.676728 -0.239163 -0.046481 -0.006110 -0.044208
3.000000 0.107153 -0.676512 -0.239260 -0.046481 -0.006104 -0.044166
2.000000 0.132413 -2.587150 -0.781539 -0.068725 -0.067208 -0.068010
2.000000 0.145135 -2.537039 -0.774634 -0.064741 -0.064009 -0.069893
2.000000 0.127786 -2.544902 -0.783241 -0.072211 -0.067036 -0.070936
3.000000 0.139067 -3.308623 -0.668086 -0.060093 -0.053928 -0.069224
3.000000 0.108038 -0.676100 -0.239208 -0.046315 -0.006144 -0.044154
3.000000 0.127746 -2.391575 -0.526199 -0.029050 -0.058069 -0.054246
3.000000 0.111936 -0.817289 -0.317612 -0.038347 -0.024720 -0.043983
3.000000 0.106011 -0.789126 -0.247146 -0.041999 -0.005043 -0.045573
3.000000 0.108489 -0.675580 -0.238773 -0.046315 -0.006156 -0.044182
3.000000 0.108659 -0.671809 -0.238767 -0.046315 -0.006193 -0.044256
3.000000 0.109419 -0.693211 -0.239575 -0.047145 -0.006436 -0.045346
3.000000 0.109134 -0.671521 -0.238818 -0.046315 -0.006192 -0.044317
3.000000 0.109197 -0.671358 -0.238847 -0.046315 -0.006191 -0.044316
3.000000 0.109322 -0.671214 -0.238796 -0.046315 -0.006197 -0.044343
3.000000 0.109431 -0.671466 -0.238871 -0.046315 -0.006191 -0.044333
3.000000 0.109402 -0.671023 -0.238749 -0.046315 -0.006191 -0.044361
3.000000 0.109431 -0.670972 -0.238794 -0.046315 -0.006199 -0.044338
3.000000 0.109550 -0.670460 -0.238864 -0.046315 -0.006212 -0.044353
3.000000 0.111271 -0.659995 -0.246198 -0.051627 -0.005881 -0.043826
3.000000 0.109708 -0.670409 -0.238827 -0.046315 -0.006210 -0.044355
3.000000 0.109731 -0.670939 -0.238843 -0.046315 -0.006196 -0.044374
3.000000 0.113872 -0.699126 -0.296865 -0.030212 -0.032717 -0.044300
3.000000 0.108817 -0.705313 -0.238475 -0.044655 -0.005957 -0.044736
3.000000 0.109971 -0.668334 -0.238033 -0.046315 -0.006250 -0.044629
3.000000 0.110776 -0.668149 -0.238183 -0.046315 -0.006248 -0.044673
3.000000 0.111367 -0.703196 -0.240034 -0.047145 -0.006480 -0.045537
3.000000 0.110994 -0.668047 -0.238472 -0.046315 -0.006256 -0.044723
3.000000 0.189937 -2.945234 -0.641530 -0.033035 -0.107307 -0.061056
3.000000 0.111124 -0.667502 -0.238396 -0.046315 -0.006245 -0.044714
3.000000 0.111159 -0.667191 -0.238378 -0.046315 -0.006254 -0.044738
2.000000 0.136866 -2.932696 -0.710872 -0.072460 -0.060825 -0.085636
3.000000 0.114632 -0.819876 -0.311411 -0.035857 -0.025536 -0.044453
2.000000 0.131552 -2.509494 -0.752306 -0.073705 -0.062639 -0.077132
3.000000 0.111833 -0.666695 -0.238385 -0.046149 -0.006265 -0.044787
3.000000 0.115103 -1.814357 -0.344645 -0.028718 -0.047046 -0.044777
3.000000 0.112718 -0.667385 -0.238831 -0.046481 -0.006218 -0.044845
3.000000 0.112686 -0.666987 -0.238615 -0.046149 -0.006231 -0.044821
3.000000 0.112951 -0.666757 -0.238654 -0.046149 -0.006238 -0.044870
3.000000 0.114107 -0.664533 -0.239083 -0.046647 -0.006432 -0.045281
3.000000 0.114041 -0.664450 -0.238372 -0.046481 -0.006466 -0.045285
2.000000 0.153703 -2.555406 -0.744225 -0.084163 -0.070562 -0.087679
3.000000 0.130100 -1.617685 -0.389779 -0.052955 -0.025728 -0.042218
3.000000 0.114415 -0.663109 -0.238246 -0.046481 -0.006479 -0.045354
3.000000 0.114800 -0.663668 -0.238432 -0.046481 -0.006467 -0.045356
3.000000 0.114941 -0.664572 -0.238678 -0.046481 -0.006466 -0.045354
3.000000 0.113478 -0.671682 -0.237978 -0.045153 -0.006170 -0.044759
3.000000 0.114986 -0.664368 -0.238495 -0.046481 -0.006470 -0.045365
3.000000 0.115535 -0.663808 -0.238377 -0.046481 -0.006485 -0.045433
3.000000 0.115598 -0.664431 -0.238115 -0.046481 -0.006516 -0.045445
3.000000 0.114324 -0.697497 -0.302690 -0.031208 -0.037885 -0.044345
3.000000 0.116032 -0.663624 -0.238424 -0.046481 -0.006480 -0.045478
3.000000 0.116078 -0.663219 -0.238368 -0.046481 -0.006495 -0.045506
3.000000 0.114612 -0.686959 -0.244115 -0.045319 -0.005583 -0.045010
3.000000 0.116133 -0.664313 -0.239243 -0.046315 -0.006476 -0.045496
3.000000 0.116357 -0.666383 -0.236301 -0.046481 -0.006528 -0.045050
3.000000 0.116447 -1.120024 -0.332822 -0.030710 -0.044595 -0.043853
3.000000 0.116653 -0.663734 -0.238300 -0.046481 -0.006505 -0.045584
3.000000 0.116987 -0.662752 -0.238389 -0.046315 -0.006529 -0.045566
3.000000 0.114534 -0.713485 -0.246006 -0.045485 -0.005949 -0.045621
2.000000 0.141862 -2.217115 -0.639971 -0.072211 -0.061064 -0.081355
2.000000 0.140987 -2.455809 -0.739251 -0.062500 -0.058774 -0.065380
3.000000 0.119153 -0.665976 -0.238249 -0.046315 -0.006562 -0.045870
2.000000 0.158561 -2.964532 -0.729910 -0.082918 -0.068638 -0.086013
3.000000 0.119470 -0.661469 -0.238952 -0.046481 -0.006522 -0.045882
3.000000 0.119751 -0.661513 -0.238941 -0.046481 -0.006534 -0.045930
3.000000 0.118040 -0.726179 -0.297310 -0.032371 -0.035702 -0.043009
3.000000 0.121305 -2.160701 -0.372632 -0.028884 -0.048362 -0.046663
3.000000 0.121221 -0.660850 -0.239292 -0.046315 -0.006549 -0.046098
3.000000 0.117450 -0.872662 -0.289476 -0.042829 -0.016331 -0.043261
3.000000 0.121663 -0.661594 -0.239538 -0.046647 -0.006539 -0.046125
3.000000 0.122175 -0.647468 -0.239448 -0.046315 -0.006663 -0.046214
3.000000 0.122836 -0.683702 -0.237668 -0.047643 -0.006995 -0.046475
3.000000 0.122123 -0.647453 -0.239517 -0.046315 -0.006656 -0.046210
3.000000 0.122213 -0.647450 -0.239497 -0.046315 -0.006660 -0.046215
3.000000 0.122561 -0.647191 -0.239802 -0.046315 -0.006660 -0.046248
3.000000 0.122866 -0.646855 -0.239835 -0.046315 -0.006658 -0.046289
3.000000 0.123071 -0.647124 -0.240157 -0.046481 -0.006654 -0.046348
3.000000 0.123011 -0.646450 -0.239448 -0.046149 -0.006669 -0.046382
3.000000 0.123643 -0.646643 -0.240264 -0.046647 -0.006647 -0.046385
3.000000 0.119615 -0.692301 -0.237417 -0.045983 -0.006500 -0.046604
3.000000 0.120287 -0.675396 -0.244837 -0.047477 -0.006001 -0.043701
3.000000 0.139150 -3.080009 -0.727873 -0.110890 -0.190317 -0.102109
3.000000 0.124238 -0.646325 -0.240519 -0.046647 -0.006646 -0.046444
3.000000 0.118987 -1.137585 -0.297366 -0.032039 -0.025521 -0.052666
3.000000 0.124320 -0.645970 -0.240357 -0.046481 -0.006657 -0.046429
3.000000 0.124366 -0.645956 -0.240539 -0.046647 -0.006642 -0.046469
3.000000 0.142697 -2.120803 -0.449922 -0.044655 -0.026544 -0.045785
3.000000 0.124688 -0.645909 -0.240550 -0.046647 -0.006645 -0.046491
3.000000 0.125145 -0.645582 -0.241124 -0.046647 -0.006619 -0.046532
3.000000 0.125600 -0.644997 -0.241224 -0.046647 -0.006611 -0.046560
3.000000 0.126141 -0.644976 -0.241503 -0.046647 -0.006614 -0.046647
3.000000 0.126127 -0.644877 -0.241362 -0.046647 -0.006612 -0.046609
3.000000 0.121844 -0.666397 -0.240138 -0.045983 -0.006234 -0.046140
3.000000 0.134513 -2.734283 -0.612731 -0.123506 -0.118819 -0.100523
3.000000 0.127478 -0.643931 -0.241976 -0.046813 -0.006586 -0.046753
3.000000 0.127263 -0.643864 -0.242056 -0.046813 -0.006579 -0.046721
3.000000 0.128621 -0.642854 -0.241986 -0.046813 -0.006580 -0.046789
3.000000 0.144071 -1.790037 -0.438218 -0.046315 -0.027646 -0.043586
3.000000 0.129342 -0.647108 -0.242239 -0.046813 -0.006593 -0.046880
3.000000 0.128133 -0.639730 -0.240736 -0.046481 -0.006554 -0.046799
3.000000 0.124310 -0.649735 -0.242010 -0.046149 -0.006391 -0.046654
2.000000 0.251644 -2.341051 -0.696973 -0.165339 -0.188864 -0.095496
3.000000 0.129170 -0.644062 -0.244716 -0.047145 -0.006364 -0.046008
3.000000 0.124576 -0.663743 -0.241914 -0.046315 -0.006255 -0.046607
3.000000 0.130654 -0.646275 -0.242798 -0.046979 -0.006562 -0.047053
3.000000 0.131028 -0.642126 -0.243160 -0.046979 -0.006517 -0.047026
3.000000 0.131261 -0.645965 -0.242793 -0.046979 -0.006565 -0.047115
3.000000 0.131106 -0.646070 -0.242978 -0.046979 -0.006543 -0.047065
3.000000 0.131692 -0.647199 -0.242949 -0.046979 -0.006712 -0.047302
2.000000 0.140701 -2.785808 -0.776928 -0.162351 -0.123215 -0.095280
2.000000 0.153495 -2.439306 -0.752627 -0.061006 -0.062546 -0.067695
3.000000 0.132023 -0.645190 -0.243131 -0.046979 -0.006540 -0.047154
3.000000 0.132115 -0.644946 -0.243461 -0.047145 -0.006521 -0.047111
3.000000 0.142102 -2.734986 -0.791666 -0.144422 -0.190496 -0.105149
3.000000 0.129245 -0.642101 -0.242545 -0.046647 -0.006424 -0.046886
3.000000 0.132261 -0.644668 -0.243451 -0.047145 -0.006525 -0.047129
3.000000 0.123383 -0.755705 -0.246640 -0.048141 -0.005324 -0.048989
3.000000 0.141876 -3.279321 -0.726279 -0.121182 -0.124462 -0.099115
3.000000 0.133351 -0.643143 -0.243819 -0.047311 -0.006631 -0.047472
3.000000 0.133468 -0.644971 -0.243881 -0.047311 -0.006639 -0.047475
3.000000 0.133530 -0.643023 -0.243739 -0.047311 -0.006641 -0.047487
3.000000 0.124219 -0.689858 -0.294918 -0.031208 -0.036492 -0.046685
3.000000 0.134142 -0.641597 -0.243912 -0.047311 -0.006599 -0.047505
3.000000 0.129566 -0.643455 -0.242763 -0.046647 -0.006419 -0.047217
3.000000 0.134582 -0.641197 -0.243694 -0.047311 -0.006621 -0.047575
3.000000 0.134742 -0.640984 -0.243816 -0.047311 -0.006618 -0.047571
3.000000 0.140536 -2.928963 -0.666528 -0.107238 -0.118467 -0.100610
2.000000 0.164192 -2.513452 -0.767093 -0.062500 -0.063145 -0.070293
3.000000 0.143141 -3.086735 -0.677623 -0.102756 -0.123524 -0.100572
3.000000 0.135753 -0.634510 -0.243870 -0.047643 -0.006740 -0.047782
3.000000 0.134792 -0.597601 -0.243477 -0.052955 -0.005802 -0.041107
3.000000 0.135855 -0.635254 -0.245100 -0.048639 -0.006603 -0.047564
3.000000 0.128471 -2.858415 -0.724572 -0.142762 -0.112918 -0.100179
3.000000 0.140131 -3.085644 -0.682423 -0.107736 -0.128398 -0.100815
3.000000 0.134367 -0.611518 -0.248585 -0.050797 -0.005973 -0.043328
3.000000 0.129513 -0.678382 -0.246212 -0.045651 -0.006218 -0.047596
3.000000 0.147715 -1.452744 -0.464241 -0.117696 -0.087163 -0.092032
3.000000 0.137186 -0.632877 -0.245051 -0.048307 -0.006607 -0.047725
3.000000 0.143427 -3.246260 -0.670335 -0.102092 -0.122671 -0.100485
3.000000 0.137912 -0.632051 -0.245606 -0.048473 -0.006579 -0.047787
2.000000 0.138011 -2.752304 -0.680321 -0.080677 -0.069818 -0.083537
2.000000 0.150964 -3.163561 -0.690423 -0.074452 -0.062658 -0.085947
3.000000 0.138393 -0.631567 -0.245013 -0.048473 -0.006616 -0.047925
3.000000 0.135652 -0.628794 -0.244408 -0.047809 -0.006609 -0.048382
3.000000 0.139386 -0.631516 -0.244892 -0.048639 -0.006626 -0.048038
3.000000 0.132575 -0.836995 -0.287170 -0.046315 -0.016397 -0.046788
3.000000 0.139897 -0.630654 -0.245840 -0.048805 -0.006573 -0.048035
3.000000 0.143902 -3.074204 -0.694129 -0.108566 -0.141903 -0.100739
3.000000 0.140093 -0.631254 -0.245669 -0.048639 -0.006591 -0.048129
3.000000 0.195678 -1.567007 -0.626066 -0.122012 -0.090411 -0.092217
3.000000 0.138487 -2.756992 -0.649699 -0.123506 -0.124129 -0.100939
2.000000 0.133390 -2.617955 -0.834001 -0.157371 -0.236129 -0.101035
3.000000 0.140279 -0.631130 -0.245827 -0.048805 -0.006574 -0.048120
3.000000 0.138139 -0.604312 -0.248865 -0.051959 -0.006057 -0.044780
3.000000 0.140615 -0.631370 -0.245284 -0.048473 -0.006610 -0.048247
3.000000 0.139895 -0.712505 -0.313620 -0.039011 -0.028950 -0.057835
3.000000 0.140811 -0.631439 -0.245894 -0.048805 -0.006575 -0.048227
3.000000 0.141201 -0.630539 -0.246456 -0.049137 -0.006552 -0.048244
2.000000 0.144904 -2.565562 -0.829152 -0.163845 -0.162936 -0.096428
3.000000 0.141806 -0.629018 -0.246504 -0.049137 -0.006558 -0.048351
3.000000 0.142320 -0.620190 -0.245757 -0.048971 -0.006757 -0.048613
3.000000 0.142331 -0.620145 -0.245728 -0.048971 -0.006749 -0.048589
2.000000 0.143606 -2.971566 -0.816774 -0.163347 -0.108151 -0.095610
3.000000 0.142794 -0.619640 -0.245988 -0.049137 -0.006716 -0.048630
3.000000 0.142629 -0.619484 -0.245703 -0.048971 -0.006763 -0.048668
3.000000 0.158866 -2.763985 -0.544283 -0.035691 -0.058998 -0.053799
3.000000 0.136276 -0.651714 -0.245691 -0.045983 -0.006040 -0.048670
3.000000 0.143645 -0.617215 -0.245487 -0.049469 -0.006882 -0.048846
3.000000 0.134437 -1.787133 -0.352519 -0.029880 -0.046912 -0.048921
3.000000 0.143960 -0.608114 -0.246620 -0.050299 -0.006640 -0.047964
3.000000 0.133753 -0.799453 -0.307155 -0.041999 -0.031097 -0.042990
3.000000 0.122302 -3.194500 -0.638321 -0.099104 -0.101548 -0.100345
3.000000 0.144354 -0.616543 -0.246494 -0.049635 -0.006840 -0.048925
3.000000 0.145239 -0.615501 -0.246330 -0.049635 -0.006868 -0.049090
3.000000 0.145322 -0.614628 -0.246627 -0.049635 -0.006846 -0.049103
3.000000 0.142068 -0.553933 -0.249435 -0.053287 -0.005344 -0.043783
3.000000 0.143612 -0.565513 -0.252281 -0.052623 -0.005674 -0.042621
3.000000 0.148993 -0.527186 -0.259468 -0.070551 -0.006571 -0.042522
3.000000 0.137650 -0.647645 -0.248777 -0.046481 -0.006321 -0.048913
3.000000 0.146324 -0.612936 -0.246546 -0.049801 -0.006874 -0.049298
3.000000 0.146441 -0.603048 -0.247813 -0.052125 -0.006498 -0.047149
3.000000 0.146582 -0.612732 -0.246604 -0.049967 -0.006874 -0.049331
3.000000 0.146769 -0.619454 -0.235127 -0.049469 -0.007364 -0.048091
2.000000 0.199178 -2.330425 -0.661342 -0.165837 -0.171019 -0.097693
3.000000 0.147184 -0.610903 -0.246909 -0.049801 -0.006836 -0.049389
3.000000 0.138787 -0.651141 -0.254351 -0.052125 -0.005606 -0.050911
3.000000 0.147601 -0.609302 -0.247441 -0.050133 -0.006836 -0.049670
3.000000 0.148480 -0.615327 -0.246933 -0.049801 -0.006822 -0.049522
1.000000 0.196991 -2.792950 -0.866924 -0.077191 -0.070989 -0.073481
2.000000 0.158270 -3.095540 -0.878876 -0.162600 -0.127551 -0.098668
3.000000 0.138887 -0.825449 -0.337543 -0.043825 -0.021783 -0.058384
3.000000 0.145567 -1.491912 -0.372286 -0.050133 -0.027519 -0.048065
3.000000 0.138561 -0.812609 -0.316114 -0.043991 -0.022763 -0.058413
3.000000 0.150318 -0.606661 -0.246455 -0.049801 -0.007026 -0.049907
3.000000 0.150415 -0.614884 -0.246436 -0.049801 -0.006965 -0.049763
3.000000 0.150377 -0.606598 -0.246299 -0.049635 -0.007042 -0.049936
2.000000 0.142690 -3.127419 -0.781037 -0.138695 -0.094669 -0.092583
3.000000 0.148322 -2.695684 -0.816161 -0.150896 -0.188063 -0.105625
1.000000 0.185245 -3.138071 -0.908631 -0.079681 -0.073568 -0.078233
3.000000 0.150998 -0.606515 -0.246291 -0.049635 -0.007050 -0.050012
3.000000 0.144474 -0.631134 -0.248243 -0.047145 -0.006591 -0.049794
3.000000 0.150880 -0.614903 -0.246584 -0.049801 -0.006966 -0.049789
3.000000 0.149788 -0.615147 -0.245780 -0.049137 -0.007058 -0.050398
3.000000 0.150181 -2.819705 -0.695424 -0.104748 -0.151822 -0.101103
2.000000 0.179090 -2.623969 -0.882083 -0.164841 -0.235304 -0.097799
2.000000 0.163156 -2.829073 -0.872180 -0.159114 -0.248677 -0.099950
3.000000 0.152084 -0.482347 -0.265803 -0.065903 -0.005789 -0.043201
3.000000 0.152109 -0.614464 -0.246283 -0.049635 -0.007023 -0.049983
2.000000 0.174283 -2.442723 -0.745945 -0.062998 -0.055900 -0.061353
2.000000 0.173742 -2.997170 -0.692064 -0.081673 -0.070555 -0.087406
3.000000 0.152556 -0.614408 -0.246166 -0.049801 -0.007021 -0.049968
3.000000 0.154216 -0.606996 -0.243707 -0.048971 -0.007106 -0.050350
2.000000 0.143480 -2.819084 -0.784706 -0.163845 -0.177303 -0.098172
3.000000 0.146169 -0.937997 -0.306338 -0.032205 -0.042901 -0.049961
3.000000 0.175622 -1.709857 -0.563155 -0.155544 -0.099307 -0.095123
3.000000 0.157240 -0.496656 -0.249927 -0.066235 -0.005375 -0.039500
3.000000 0.154369 -0.443453 -0.244086 -0.067065 -0.005298 -0.040794
3.000000 0.150939 -0.518793 -0.258165 -0.057271 -0.005673 -0.045819
1.000000 0.188187 -3.088147 -0.884766 -0.077689 -0.072742 -0.078825
2.000000 0.237284 -2.435562 -0.716486 -0.165090 -0.187248 -0.099094
2.000000 0.168354 -2.759161 -0.696850 -0.081922 -0.057449 -0.056414
3.000000 0.155183 -0.614169 -0.245101 -0.048141 -0.007124 -0.050841
3.000000 0.148072 -0.629690 -0.250136 -0.047145 -0.006590 -0.050341
3.000000 0.153132 -0.618993 -0.246250 -0.047477 -0.006967 -0.050711
3.000000 0.152802 -2.634185 -0.801688 -0.110060 -0.181456 -0.097418
1.000000 0.221523 -2.560798 -1.056097 -0.093625 -0.092724 -0.066535
3.000000 0.156207 -0.610756 -0.245916 -0.050133 -0.007055 -0.050122
3.000000 0.156693 -0.610299 -0.245805 -0.050133 -0.007050 -0.050120
3.000000 0.155855 -0.612740 -0.234371 -0.048307 -0.007721 -0.048978
3.000000 0.157177 -0.604278 -0.246367 -0.050299 -0.007221 -0.050446
2.000000 0.171643 -2.863554 -0.841293 -0.163596 -0.221776 -0.101470
3.000000 0.158056 -0.609694 -0.244474 -0.048141 -0.007226 -0.050861
3.000000 0.157981 -0.609563 -0.247030 -0.050133 -0.006937 -0.050072
2.000000 0.164155 -2.931540 -0.769888 -0.163845 -0.199186 -0.099992
3.000000 0.157468 -0.456084 -0.241666 -0.061089 -0.006572 -0.043596
2.000000 0.180557 -2.558785 -0.855857 -0.165339 -0.247870 -0.098524
3.000000 0.158698 -0.604040 -0.246644 -0.050299 -0.007185 -0.050503
3.000000 0.159323 -0.604360 -0.246425 -0.050299 -0.007219 -0.050571
3.000000 0.149825 -0.628943 -0.250904 -0.047145 -0.006211 -0.051059
2.000000 0.182623 -3.165010 -0.933869 -0.166335 -0.226558 -0.098998
3.000000 0.159762 -0.603355 -0.245788 -0.050299 -0.007290 -0.050666
3.000000 0.153473 -0.617446 -0.257711 -0.051627 -0.006358 -0.052664
2.000000 0.178860 -2.671494 -0.962035 -0.163596 -0.267866 -0.103767
3.000000 0.161172 -0.604154 -0.246397 -0.050133 -0.007238 -0.050662
3.000000 0.161086 -0.603671 -0.245668 -0.049967 -0.007319 -0.050773
2.000000 0.205528 -2.812377 -0.863846 -0.163098 -0.236299 -0.101866
1.000000 0.176101 -2.562467 -0.953092 -0.084163 -0.081786 -0.066416
3.000000 0.154986 -0.604682 -0.253105 -0.051959 -0.006512 -0.053054
2.000000 0.164395 -2.812406 -0.847605 -0.163347 -0.107842 -0.095564
3.000000 0.154698 -0.611815 -0.261380 -0.054449 -0.006340 -0.054010
3.000000 0.163050 -0.601430 -0.245366 -0.049801 -0.007370 -0.050953
3.000000 0.173902 -2.108523 -0.561637 -0.094124 -0.068366 -0.086069
3.000000 0.156241 -0.585271 -0.255686 -0.054117 -0.006710 -0.053599
3.000000 0.166594 -2.888962 -0.919673 -0.168825 -0.146666 -0.104890
3.000000 0.146147 -0.833371 -0.291381 -0.043161 -0.025796 -0.052126
3.000000 0.163874 -0.600579 -0.244664 -0.049967 -0.007443 -0.051096
3.000000 0.161920 -0.611688 -0.246999 -0.048473 -0.006939 -0.050818
2.000000 0.173323 -3.081775 -0.687420 -0.076942 -0.064348 -0.086166
3.000000 0.159189 -0.615407 -0.252315 -0.047477 -0.006443 -0.051639
2.000000 0.188109 -2.418777 -0.853162 -0.162849 -0.254633 -0.101151
3.000000 0.158403 -2.470924 -0.560571 -0.040007 -0.057060 -0.064224
3.000000 0.162383 -2.491757 -0.590360 -0.039011 -0.060683 -0.066184
1.000000 0.235184 -2.512753 -1.024972 -0.089143 -0.091682 -0.068989
3.000000 0.167515 -0.561373 -0.245533 -0.051627 -0.007024 -0.049162
2.000000 0.228052 -2.616290 -0.885268 -0.163347 -0.264806 -0.101564
3.000000 0.164895 -0.601409 -0.244632 -0.049469 -0.007454 -0.051153
1.000000 0.229298 -2.781812 -0.906877 -0.077689 -0.070225 -0.060455
3.000000 0.167902 -0.539833 -0.246317 -0.052623 -0.006680 -0.048676
1.000000 0.188474 -2.704134 -0.891159 -0.079183 -0.071710 -0.082466
3.000000 0.158832 -1.147158 -0.356796 -0.047145 -0.032337 -0.061531
3.000000 0.284750 -2.817780 -0.722228 -0.099104 -0.088706 -0.096363
1.000000 0.260427 -2.573530 -1.039664 -0.090139 -0.096191 -0.069677
3.000000 0.156046 -0.588600 -0.261811 -0.058931 -0.007386 -0.055533
3.000000 0.144596 -0.794758 -0.294790 -0.044821 -0.026286 -0.052140
2.000000 0.168618 -2.942854 -0.852551 -0.160857 -0.118735 -0.095922
3.000000 0.209088 -1.548715 -0.507154 -0.103088 -0.069916 -0.083836
3.000000 0.167139 -0.601086 -0.243899 -0.049137 -0.007461 -0.051553
2.000000 0.190871 -2.821286 -0.714805 -0.069970 -0.075141 -0.081471
1.000000 0.274039 -2.565006 -1.115727 -0.100598 -0.102813 -0.074659
3.000000 0.168615 -0.602997 -0.243978 -0.048971 -0.007419 -0.051728
3.000000 0.173313 -1.948714 -0.427058 -0.050299 -0.025408 -0.053563
3.000000 0.168728 -0.603276 -0.243969 -0.049137 -0.007419 -0.051750
3.000000 0.169091 -0.603914 -0.244388 -0.048971 -0.007351 -0.051732
3.000000 0.172553 -0.568070 -0.283520 -0.077855 -0.007037 -0.043861
3.000000 0.169192 -0.603864 -0.244796 -0.048805 -0.007445 -0.051826
3.000000 0.170207 -0.594787 -0.244333 -0.050465 -0.007645 -0.051194
2.000000 0.170607 -2.905641 -0.897347 -0.162600 -0.138736 -0.098501
3.000000 0.161630 -0.578920 -0.254060 -0.055279 -0.007018 -0.054126
3.000000 0.170032 -0.604382 -0.244647 -0.049303 -0.007410 -0.051897
3.000000 0.186339 -0.534250 -0.259272 -0.058433 -0.007145 -0.050319
1.000000 0.234419 -2.804068 -0.863370 -0.084163 -0.068672 -0.064942
1.000000 0.292754 -2.584308 -1.151285 -0.099602 -0.103470 -0.075582
3.000000 0.153073 -0.770644 -0.299808 -0.040505 -0.027949 -0.053560
3.000000 0.170708 -0.604584 -0.244749 -0.048971 -0.007436 -0.051923
2.000000 0.185044 -2.764951 -0.711088 -0.059512 -0.051608 -0.068566
3.000000 0.171827 -0.601420 -0.247566 -0.048639 -0.007348 -0.052659
3.000000 0.172330 -0.604744 -0.245490 -0.049303 -0.007495 -0.052118
3.000000 0.167527 -0.603249 -0.269201 -0.055943 -0.007434 -0.056295
3.000000 0.172817 -0.604881 -0.245798 -0.049635 -0.007357 -0.051966
1.000000 0.215424 -2.599581 -0.908459 -0.080179 -0.074158 -0.083015
3.000000 0.157406 -1.157320 -0.369596 -0.055279 -0.028148 -0.056503
3.000000 0.173309 -0.604700 -0.245611 -0.049801 -0.007610 -0.052298
3.000000 0.183808 -0.725307 -0.342238 -0.060591 -0.015290 -0.053840
3.000000 0.173843 -0.604838 -0.245858 -0.049801 -0.007636 -0.052409
1.000000 0.195969 -2.849229 -0.933681 -0.069223 -0.078393 -0.079664
1.000000 0.289231 -2.474884 -1.060226 -0.091135 -0.101869 -0.074458
1.000000 0.235017 -3.084871 -0.830034 -0.085657 -0.076048 -0.073817
3.000000 0.174648 -0.606137 -0.244164 -0.050133 -0.007720 -0.052163
1.000000 0.224331 -2.526254 -1.012429 -0.086653 -0.088859 -0.066124
3.000000 0.175842 -0.603807 -0.249135 -0.048805 -0.007478 -0.052992
1.000000 0.173999 -2.754592 -0.968428 -0.087151 -0.076884 -0.074641
3.000000 0.174793 -0.590665 -0.254518 -0.053121 -0.007304 -0.054634
1.000000 0.263166 -2.572617 -1.038493 -0.088645 -0.095206 -0.064705
1.000000 0.229212 -2.668236 -0.898051 -0.077689 -0.077783 -0.083458
3.000000 0.176605 -0.603283 -0.246268 -0.049967 -0.007768 -0.052532
3.000000 0.157362 -0.770488 -0.304324 -0.051959 -0.027517 -0.053838
3.000000 0.174285 -0.585230 -0.261166 -0.059263 -0.008925 -0.057130
3.000000 0.156519 -0.744239 -0.330840 -0.051793 -0.022108 -0.058518
1.000000 0.268195 -3.248137 -1.164505 -0.100598 -0.103265 -0.077060
3.000000 0.148374 -2.960265 -1.113429 -0.182769 -0.135374 -0.098358
2.000000 0.166912 -2.883024 -0.874253 -0.159612 -0.195875 -0.092747
3.000000 0.181230 -0.530584 -0.252853 -0.063579 -0.008594 -0.054192
3.000000 0.199578 -1.171280 -0.389432 -0.108566 -0.075419 -0.089375
3.000000 0.213929 -0.775067 -0.366621 -0.072211 -0.010030 -0.056676
1.000000 0.452294 -2.640321 -1.167879 -0.112550 -0.111803 -0.098449
1.000000 0.283883 -2.497458 -1.054531 -0.090637 -0.099747 -0.070814
2.000000 0.183599 -2.427265 -0.860584 -0.163347 -0.163024 -0.101107
3.000000 0.152325 -0.855513 -0.324585 -0.046647 -0.028357 -0.057612
3.000000 0.183624 -0.609358 -0.247171 -0.049469 -0.007999 -0.054510
3.000000 0.183658 -0.609359 -0.247156 -0.049469 -0.008002 -0.054524
3.000000 0.206002 -2.528866 -0.815920 -0.145584 -0.138672 -0.099097
3.000000 0.183633 -2.778017 -0.648192 -0.105412 -0.118950 -0.101428
1.000000 0.254246 -2.729259 -0.930454 -0.082171 -0.075995 -0.080177
3.000000 0.200383 -1.723661 -0.424668 -0.085989 -0.064414 -0.080346
3.000000 0.185470 -0.610106 -0.248712 -0.049469 -0.007950 -0.055027
1.000000 0.267000 -2.779337 -1.092418 -0.095618 -0.101944 -0.067524
1.000000 0.213137 -2.523266 -0.974688 -0.082171 -0.083826 -0.079546
2.000000 0.245271 -2.799406 -0.935445 -0.165339 -0.260242 -0.098855
3.000000 0.186072 -0.610226 -0.249107 -0.049469 -0.007970 -0.055174
3.000000 0.181462 -0.568945 -0.253955 -0.057105 -0.008171 -0.055576
3.000000 0.175170 -0.835801 -0.285578 -0.054117 -0.016594 -0.057016
3.000000 0.189951 -2.931635 -0.725991 -0.104914 -0.138205 -0.101892
3.000000 0.164228 -1.764769 -0.372629 -0.054449 -0.026070 -0.057970
3.000000 0.189956 -0.539990 -0.280939 -0.068725 -0.009812 -0.054406
2.000000 0.280525 -2.675807 -0.916116 -0.165837 -0.246158 -0.097660
2.000000 0.220588 -2.529205 -0.938513 -0.165090 -0.274083 -0.104201
3.000000 0.186166 -0.610304 -0.252653 -0.049635 -0.008051 -0.055394
3.000000 0.177991 -0.602205 -0.275979 -0.051793 -0.011732 -0.061215
3.000000 0.169638 -0.745765 -0.335684 -0.060259 -0.022188 -0.062886
3.000000 0.182267 -0.614383 -0.266611 -0.059927 -0.008778 -0.058082
3.000000 0.184749 -0.594501 -0.272466 -0.059595 -0.008643 -0.058783
3.000000 0.186112 -0.578527 -0.269783 -0.060591 -0.008552 -0.058485
1.000000 0.255310 -2.718246 -0.930965 -0.081175 -0.073390 -0.077344
3.000000 0.180694 -0.601744 -0.250798 -0.057603 -0.009458 -0.057119
1.000000 0.196212 -3.003512 -0.962060 -0.082669 -0.077761 -0.068941
3.000000 0.183532 -1.479181 -0.485900 -0.110060 -0.081061 -0.081171
1.000000 0.271289 -2.577965 -1.047817 -0.089143 -0.095002 -0.074493
3.000000 0.186709 -0.598842 -0.267416 -0.057769 -0.008156 -0.058353
3.000000 0.223628 -2.243345 -0.661391 -0.098440 -0.082238 -0.088309
3.000000 0.161949 -0.810213 -0.307045 -0.050133 -0.022289 -0.061015
1.000000 0.260261 -2.865511 -0.900144 -0.090637 -0.079856 -0.076253
3.000000 0.189003 -0.610153 -0.253673 -0.050797 -0.007989 -0.055697
1.000000 0.234937 -2.125520 -0.860983 -0.092131 -0.089155 -0.075071
1.000000 0.267294 -2.670129 -1.069933 -0.094124 -0.100048 -0.066606
1.000000 0.220155 -2.633855 -0.843733 -0.078685 -0.075041 -0.079018
1.000000 0.224350 -2.421734 -0.986966 -0.084661 -0.086484 -0.082865
3.000000 0.190488 -0.611759 -0.254486 -0.051129 -0.008149 -0.056185
2.000000 0.251087 -2.762232 -0.942925 -0.163845 -0.275512 -0.101726
2.000000 0.316887 -2.522125 -0.834611 -0.167082 -0.234038 -0.092105
3.000000 0.196059 -0.582304 -0.262336 -0.056939 -0.008800 -0.056818
3.000000 0.190135 -0.610242 -0.255965 -0.051959 -0.008188 -0.056509
1.000000 0.238192 -2.724823 -0.881251 -0.081673 -0.073508 -0.078907
3.000000 0.190977 -0.612759 -0.255049 -0.051295 -0.008162 -0.056326
3.000000 0.192168 -0.597401 -0.258941 -0.056109 -0.008427 -0.057314
2.000000 0.177183 -2.692334 -0.889531 -0.163596 -0.171277 -0.099669
1.000000 0.228176 -3.427196 -0.972478 -0.081673 -0.070645 -0.065960
1.000000 0.223000 -2.126683 -0.764999 -0.085159 -0.072708 -0.059776
1.000000 0.202864 -4.014228 -1.002366 -0.084661 -0.078618 -0.075561
2.000000 0.291622 -3.174940 -0.945531 -0.166086 -0.276994 -0.098591
3.000000 0.160150 -1.020606 -0.341052 -0.054283 -0.025810 -0.059521
3.000000 0.193702 -0.614912 -0.254034 -0.053453 -0.008636 -0.057682
1.000000 0.231829 -2.713835 -0.941506 -0.081673 -0.074026 -0.081963
1.000000 0.292987 -2.578413 -1.052099 -0.092629 -0.100287 -0.073164
1.000000 0.248991 -2.519786 -1.041691 -0.091633 -0.096575 -0.067787
2.000000 0.209338 -2.326344 -0.747296 -0.076195 -0.060908 -0.076711
3.000000 0.170601 -2.229219 -0.509042 -0.061255 -0.027633 -0.065544
1.000000 0.286526 -2.973489 -0.980787 -0.092131 -0.081741 -0.079769
1.000000 0.266142 -2.341765 -0.826190 -0.091633 -0.090897 -0.077210
1.000000 0.254925 -3.816923 -1.018510 -0.081673 -0.073996 -0.081149
3.000000 0.195512 -0.646618 -0.256765 -0.055113 -0.009151 -0.058708
3.000000 0.167496 -2.221589 -0.520666 -0.064409 -0.029261 -0.070136
1.000000 0.246081 -2.418838 -1.007961 -0.088147 -0.090270 -0.080867
1.000000 0.352847 -2.642724 -1.049251 -0.112052 -0.115656 -0.089586
1.000000 0.214267 -2.424101 -0.966989 -0.086653 -0.086432 -0.087420
1.000000 0.242847 -2.597774 -0.993040 -0.086653 -0.086528 -0.069236
1.000000 0.398660 -2.712829 -1.081983 -0.109562 -0.113805 -0.095837
2.000000 0.232903 -2.964668 -0.669368 -0.075946 -0.063027 -0.076531
3.000000 0.196035 -2.505530 -0.619191 -0.068061 -0.045565 -0.071203
1.000000 0.269672 -3.240311 -1.099778 -0.099104 -0.106295 -0.080950
3.000000 0.196818 -0.622893 -0.256788 -0.059263 -0.009569 -0.060037
1.000000 0.352611 -2.888173 -1.207816 -0.112052 -0.113678 -0.093806
1.000000 0.287338 -2.923461 -0.882897 -0.093127 -0.088948 -0.078441
1.000000 0.219144 -2.416306 -0.974057 -0.087151 -0.087445 -0.087190
1.000000 0.245567 -2.463565 -0.982401 -0.086653 -0.088963 -0.078365
1.000000 0.198198 -3.448148 -0.991016 -0.087649 -0.073536 -0.057766
1.000000 0.203519 -2.622070 -0.749181 -0.082669 -0.078236 -0.088143
2.000000 0.265131 -2.547544 -0.936057 -0.164343 -0.242235 -0.098775
3.000000 0.198015 -3.476508 -0.938912 -0.109894 -0.190122 -0.106034
2.000000 0.168096 -3.102775 -0.698724 -0.058267 -0.041880 -0.064924
3.000000 0.197417 -0.625175 -0.261328 -0.061919 -0.009804 -0.061415
2.000000 0.220310 -3.183784 -0.720033 -0.083914 -0.055176 -0.078340
3.000000 0.167517 -1.461841 -0.460861 -0.073207 -0.027607 -0.061705
1.000000 0.329873 -2.883834 -1.007312 -0.097112 -0.090932 -0.085093
1.000000 0.269637 -2.457014 -0.965234 -0.093625 -0.102507 -0.075936
3.000000 0.219733 -2.939513 -0.686294 -0.146082 -0.150545 -0.097537
1.000000 0.299413 -2.985117 -0.898290 -0.090637 -0.093042 -0.081911
1.000000 0.294315 -2.553860 -1.053137 -0.092629 -0.101083 -0.073197
3.000000 0.194561 -0.780300 -0.266914 -0.060923 -0.010550 -0.060932
3.000000 0.214289 -0.720135 -0.294323 -0.065903 -0.011914 -0.063383
1.000000 0.310253 -2.757493 -0.959055 -0.100100 -0.106373 -0.081034
3.000000 0.223052 -1.050410 -0.396399 -0.080677 -0.011084 -0.067021
1.000000 0.340013 -2.191502 -1.054665 -0.110558 -0.113538 -0.082021
1.000000 0.325646 -2.986367 -0.984906 -0.091135 -0.088152 -0.085533
1.000000 0.223190 -2.671649 -0.987216 -0.086653 -0.084685 -0.063103
3.000000 0.193808 -0.631755 -0.276660 -0.066567 -0.010466 -0.063641
1.000000 0.321892 -2.822057 -1.014297 -0.097112 -0.090788 -0.087753
3.000000 0.170115 -2.684134 -0.658297 -0.034197 -0.126709 -0.081346
1.000000 0.290762 -2.549289 -1.066401 -0.092629 -0.104549 -0.084729
1.000000 0.310040 -2.733286 -0.906530 -0.086155 -0.072977 -0.063074
1.000000 0.318867 -2.406118 -0.860909 -0.093127 -0.106592 -0.084674
1.000000 0.223118 -2.725809 -0.878328 -0.081673 -0.076193 -0.088757
3.000000 0.195155 -1.504112 -0.456282 -0.109894 -0.102537 -0.101593
1.000000 0.346024 -2.744554 -1.019179 -0.110060 -0.114360 -0.087804
1.000000 0.244086 -3.037793 -1.049478 -0.092131 -0.098185 -0.073417
3.000000 0.186783 -0.638192 -0.287772 -0.070219 -0.010654 -0.064573
3.000000 0.182115 -0.712298 -0.291429 -0.066069 -0.011368 -0.062957
2.000000 0.207616 -3.035026 -0.711179 -0.079930 -0.054871 -0.073417
2.000000 0.201461 -2.828825 -0.906166 -0.165837 -0.142210 -0.098992
1.000000 0.285940 -3.036582 -0.958265 -0.088147 -0.070273 -0.073603
3.000000 0.217398 -1.311858 -0.454671 -0.100100 -0.072048 -0.083728
1.000000 0.271550 -3.154805 -1.086479 -0.096614 -0.104072 -0.073191
2.000000 0.281989 -3.117051 -0.931254 -0.163596 -0.280250 -0.096345
1.000000 0.229427 -2.449026 -0.983335 -0.089143 -0.093408 -0.090603
1.000000 0.260403 -2.859703 -1.047812 -0.090637 -0.098029 -0.073890
3.000000 0.211020 -2.675466 -0.676446 -0.119024 -0.122120 -0.103075
3.000000 0.329846 -2.468939 -0.667365 -0.153386 -0.138968 -0.097934
2.000000 0.210362 -2.802534 -0.732949 -0.083665 -0.055514 -0.074830
3.000000 0.224231 -1.314805 -0.445782 -0.096614 -0.070195 -0.083951
3.000000 0.217287 -1.379598 -0.477229 -0.109728 -0.097333 -0.104477
1.000000 0.305807 -2.510086 -0.975099 -0.106076 -0.112724 -0.081124
1.000000 0.227437 -2.757051 -0.975237 -0.083167 -0.082719 -0.083626
2.000000 0.173091 -3.215725 -0.719488 -0.067231 -0.044027 -0.069404
1.000000 0.318152 -2.656413 -0.925311 -0.090139 -0.092792 -0.086605
1.000000 0.305858 -2.498015 -0.896210 -0.098108 -0.107434 -0.084078
1.000000 0.225396 -2.695922 -0.975041 -0.088147 -0.085158 -0.084653
2.000000 0.174077 -3.350972 -0.739981 -0.069223 -0.047269 -0.069055
1.000000 0.246532 -2.445869 -1.004074 -0.089143 -0.097079 -0.090800
1.000000 0.254292 -2.481221 -1.009314 -0.089143 -0.097352 -0.090026
3.000000 0.210178 -1.404217 -0.534636 -0.114210 -0.080560 -0.093431
3.000000 0.218908 -1.196376 -0.448785 -0.115206 -0.070164 -0.093416
1.000000 0.267887 -2.465452 -1.064175 -0.095120 -0.099847 -0.067424
1.000000 0.358798 -2.638043 -1.026600 -0.100100 -0.102387 -0.090820
1.000000 0.270979 -3.409133 -1.060797 -0.091633 -0.100741 -0.072685
1.000000 0.274830 -2.540923 -1.088090 -0.097112 -0.103265 -0.071688
2.000000 0.244441 -2.974936 -0.922189 -0.165339 -0.252959 -0.102977
1.000000 0.362445 -2.464279 -0.937542 -0.101096 -0.108513 -0.094664
1.000000 0.221045 -2.512909 -0.968160 -0.086653 -0.089932 -0.090960
1.000000 0.271512 -2.932545 -0.988188 -0.091633 -0.099443 -0.072447
1.000000 0.286868 -2.565273 -1.013887 -0.097610 -0.108689 -0.076433
1.000000 0.280110 -2.770913 -1.082834 -0.096116 -0.103384 -0.071824
1.000000 0.268903 -2.137623 -0.840511 -0.092131 -0.095636 -0.086344
2.000000 0.173642 -3.089337 -0.725471 -0.066982 -0.043623 -0.070473
1.000000 0.334367 -2.495780 -1.097627 -0.111554 -0.118830 -0.085971
1.000000 0.278909 -2.634691 -1.052356 -0.091633 -0.101689 -0.089665
1.000000 0.282602 -2.999063 -0.959589 -0.087649 -0.070685 -0.074007
1.000000 0.230402 -2.852409 -0.974576 -0.084661 -0.085414 -0.083450
1.000000 0.267986 -2.640697 -1.053598 -0.093625 -0.100458 -0.077196
1.000000 0.341682 -2.453035 -0.968261 -0.107072 -0.110033 -0.088934
1.000000 0.290586 -3.021843 -1.093501 -0.096614 -0.111692 -0.092227
1.000000 0.291136 -2.502527 -0.958615 -0.102092 -0.081187 -0.081307
1.000000 0.256249 -2.531462 -1.022869 -0.089641 -0.100875 -0.090933
1.000000 0.339875 -2.754947 -0.978571 -0.098108 -0.106209 -0.095866
2.000000 0.219059 -2.797341 -0.956173 -0.167580 -0.252386 -0.103449
1.000000 0.388228 -2.761755 -1.166693 -0.106574 -0.112860 -0.102978
1.000000 0.312869 -2.417026 -0.892551 -0.095618 -0.102844 -0.090660
3.000000 0.274984 -2.957688 -0.799660 -0.158367 -0.076502 -0.093442
1.000000 0.281341 -3.095681 -1.005108 -0.083167 -0.078308 -0.080676
1.000000 0.243114 -2.864966 -0.996997 -0.084661 -0.087880 -0.082268
1.000000 0.350056 -2.808022 -1.009567 -0.102590 -0.110528 -0.092170
1.000000 0.339023 -2.565345 -0.978610 -0.099602 -0.108593 -0.098374
1.000000 0.308594 -2.421570 -0.849452 -0.089641 -0.097709 -0.084100
3.000000 0.195561 -2.312297 -0.433541 -0.084661 -0.022631 -0.054368
1.000000 0.370822 -2.529437 -1.022676 -0.100598 -0.107216 -0.096987
1.000000 0.387857 -3.095066 -1.122797 -0.102092 -0.108304 -0.098345
1.000000 0.262058 -3.034339 -1.017676 -0.090139 -0.095278 -0.087126
1.000000 0.272087 -2.647768 -0.997124 -0.093625 -0.103725 -0.088863
