0.000089 0.710884 0.173069 0.504955 0.673584
0.000261 0.320411 0.304862 0.070658 0.609898
0.000695 0.607435 0.183120 0.592919 0.545913
0.002897 0.946538 0.019492 0.214353 0.335098
0.006376 0.575589 0.305143 0.753107 0.617389
0.008522 0.769331 0.351522 0.616283 0.127068
0.009274 0.208745 0.413825 0.799034 0.171469
0.011168 0.614156 0.487228 0.699890 0.840995
0.013858 0.646531 0.469364 0.226002 0.611622
0.014586 0.584553 0.072884 0.364873 0.506730
0.014869 0.027369 0.436587 0.498536 0.920166
0.014890 0.408111 0.488646 0.788887 0.280342
0.015448 0.024763 0.459945 0.746767 0.078639
0.015752 0.096024 0.638924 0.132130 0.121736
0.017962 0.545449 0.288782 0.246624 0.302499
0.018938 0.718534 0.519827 0.629484 0.136395
0.019078 0.007142 0.054213 0.437033 0.257495
0.023221 0.607353 0.515591 0.759162 0.693283
0.024242 0.240770 0.520386 0.029516 0.206388
0.025334 0.676816 0.509178 0.935637 0.471146
0.025784 0.097264 0.596159 0.826467 0.485251
0.026176 0.144311 0.214641 0.006064 0.586090
0.026741 0.893981 0.055845 0.541156 0.861088
0.028918 0.106262 0.411232 0.082692 0.440909
0.029077 0.269576 0.445624 0.631388 0.438373
0.029416 0.038012 0.255251 0.039941 0.141789
0.029752 0.004594 0.369055 0.704969 0.374360
0.030130 0.401540 0.440281 0.203014 0.507031
0.030656 0.425710 0.530066 0.555578 0.408387
0.030930 0.268299 0.468935 0.211233 0.007782
0.034482 0.667045 0.231976 0.201724 0.406383
0.035536 0.206674 0.300218 0.242817 0.216698
0.037366 0.981666 0.338065 0.481757 0.219837
0.043300 0.049699 0.304441 0.118024 0.210306
0.044066 0.309584 0.219257 0.827884 0.719338
0.045004 0.593771 0.100849 0.918368 0.175846
0.047146 0.349953 0.607713 0.058416 0.161901
0.047771 0.645362 0.106124 0.655103 0.588561
0.049083 0.359424 0.527712 0.104522 0.448902
0.049906 0.388271 0.262978 0.534774 0.618925
0.050352 0.733363 0.027152 0.076229 0.981917
0.053905 0.568113 0.325152 0.961277 0.470426
0.055267 0.588860 0.094307 0.117205 0.639930
0.055832 0.869830 0.169124 0.289802 0.644206
0.055899 0.456390 0.250855 0.521016 0.483118
0.056697 0.591667 0.251759 0.177417 0.293279
0.059850 0.273171 0.535121 0.384151 0.361853
0.060024 0.192685 0.187866 0.166662 0.437082
0.060513 0.354470 0.436896 0.595156 0.248482
0.064245 0.941060 0.636874 0.544380 0.610826
0.065672 0.754379 0.231142 0.666115 0.613861
0.066243 0.411813 0.625777 0.378100 0.645751
0.067446 0.697594 0.591483 0.602387 0.110706
0.067641 0.241569 0.330059 0.128993 0.942632
0.070516 0.237992 0.101722 0.930693 0.052151
0.071870 0.026760 0.397421 0.102763 0.669193
0.072376 0.485320 0.539014 0.975293 0.208316
0.076086 0.440169 0.459332 0.746707 0.906151
0.076625 0.245762 0.407077 0.431684 0.406143
0.077828 0.820068 0.087789 0.700094 0.408893
0.078620 0.341097 0.116035 0.324550 0.098783
0.078635 0.159978 0.324987 0.898027 0.218583
0.078816 0.329793 0.101306 0.153473 0.062626
0.080011 0.954526 0.398367 0.924130 0.210647
0.080568 0.791912 0.533970 0.714866 0.754903
0.081461 0.087855 0.337372 0.441097 0.792563
0.081473 0.097978 0.223420 0.838488 0.130916
0.082159 0.882790 0.599083 0.706078 0.613865
0.084883 0.489987 0.476880 0.480122 0.994751
0.085079 0.073534 0.489269 0.385076 0.662215
0.091678 0.236022 0.006782 0.106338 0.629524
0.093234 0.830640 0.534647 0.220625 0.366971
0.093321 0.858281 0.416771 0.542194 0.456370
0.094427 0.766331 0.632369 0.610265 0.640056
0.094610 0.630943 0.210311 0.128732 0.152540
0.095263 0.551466 0.045476 0.777536 0.680366
0.096636 0.040043 0.150116 0.322499 0.818320
0.100159 0.570332 0.594667 0.913454 0.026220
0.101047 0.733183 0.306071 0.385748 0.432381
0.101353 0.843302 0.345655 0.910197 0.814933
0.102280 0.510080 0.621706 0.780515 0.033001
0.108458 0.107812 0.323952 0.282400 0.515296
0.108646 0.591190 0.009017 0.411236 0.342846
0.111087 0.912804 0.217436 0.902474 0.214478
0.113998 0.091452 0.244178 0.264563 0.330798
0.114440 0.883762 0.488629 0.062123 0.033590
0.115074 0.663293 0.073087 0.126165 0.060173
0.115937 0.201240 0.567478 0.791339 0.373142
0.116220 0.485346 0.368291 0.955547 0.755272
0.119336 0.321770 0.297102 0.635363 0.676000
0.119671 0.888038 0.036276 0.659769 0.316379
0.120675 0.535314 0.019762 0.695572 0.968970
0.120890 0.622851 0.404018 0.939877 0.601346
0.124354 0.893364 0.314829 0.683544 0.120160
0.124877 0.916550 0.526215 0.668844 0.401118
0.126739 0.888317 0.600408 0.044670 0.535120
0.127723 0.496529 0.042863 0.858299 0.256334
0.128513 0.195862 0.481342 0.883623 0.691453
0.129176 0.200216 0.475858 0.991830 0.937196
0.129582 0.827042 0.190028 0.480017 0.764602
0.131260 0.779385 0.553815 0.172470 0.290949
0.131465 0.646125 0.614405 0.822651 0.739530
0.133045 0.733460 0.045109 0.049145 0.191193
0.134609 0.625404 0.426050 0.455863 0.357301
0.138328 0.842779 0.348766 0.358566 0.934828
0.142011 0.255618 0.005581 0.436234 0.975956
0.142246 0.597614 0.078074 0.001925 0.197763
0.149752 0.468855 0.243383 0.693668 0.105555
0.152312 0.426527 0.165891 0.551583 0.333399
0.152703 0.711500 0.298809 0.287751 0.501544
0.154594 0.601611 0.026289 0.679158 0.418688
0.155456 0.927553 0.596649 0.356365 0.584483
0.158250 0.593687 0.621821 0.259814 0.195943
0.164712 0.914054 0.289225 0.970624 0.058738
0.167973 0.652227 0.564840 0.426215 0.772143
0.168070 0.888948 0.476376 0.754337 0.650630
0.170209 0.127768 0.410567 0.735094 0.661034
0.170393 0.603397 0.540162 0.220338 0.263581
0.170470 0.695289 0.048822 0.790826 0.615624
0.170593 0.004939 0.053838 0.471478 0.258428
0.172478 0.494860 0.178848 0.933002 0.501144
0.175126 0.037841 0.078490 0.555131 0.370606
0.176114 0.378738 0.480095 0.938796 0.619675
0.177062 0.126739 0.120189 0.548943 0.829063
0.180262 0.238553 0.246510 0.575517 0.608114
0.181072 0.732915 0.535061 0.211422 0.693855
0.182307 0.942528 0.443250 0.742150 0.969253
0.184341 0.500819 0.076754 0.562734 0.814580
0.185616 0.053178 0.033501 0.794306 0.543024
0.186055 0.660158 0.601177 0.042721 0.913665
0.186403 0.208209 0.014486 0.831537 0.225121
0.186580 0.679977 0.256189 0.514019 0.620574
0.187174 0.419797 0.579329 0.369908 0.852828
0.188854 0.044813 0.410448 0.239034 0.535552
0.192446 0.530431 0.180845 0.441715 0.009024
0.195743 0.837637 0.344714 0.350657 0.028960
0.199623 0.743411 0.206680 0.497069 0.583596
0.199640 0.557298 0.505370 0.250927 0.391384
0.202869 0.765749 0.377848 0.421274 0.876484
0.206844 0.670118 0.482280 0.652205 0.407552
0.207140 0.692919 0.258035 0.244195 0.303102
0.208790 0.147886 0.489587 0.369639 0.171838
0.214685 0.316096 0.105141 0.527061 0.574692
0.214900 0.521569 0.574649 0.766517 0.262564
0.217681 0.116803 0.302759 0.320785 0.201856
0.218936 0.721661 0.293826 0.155241 0.610447
0.219617 0.443530 0.248146 0.969085 0.861418
0.222142 0.967380 0.130296 0.773384 0.321019
0.223274 0.892770 0.268851 0.594466 0.145546
0.225662 0.162853 0.192406 0.765436 0.922407
0.227411 0.862453 0.363489 0.096206 0.507885
0.229102 0.219755 0.208770 0.612244 0.775405
0.229565 0.029982 0.140023 0.587057 0.505420
0.230041 0.793496 0.101946 0.973154 0.283904
0.230557 0.075495 0.015051 0.789034 0.248884
0.231502 0.887968 0.153068 0.274251 0.491141
0.234516 0.015898 0.549174 0.012010 0.499818
0.235805 0.469598 0.226566 0.980903 0.277965
0.237280 0.546770 0.031939 0.830432 0.377239
0.237294 0.558291 0.338433 0.727361 0.087894
0.237342 0.681708 0.449947 0.572101 0.872796
0.237770 0.130018 0.201045 0.886679 0.378439
0.241433 0.181192 0.279534 0.137270 0.988636
0.243330 0.948955 0.567591 0.463291 0.034931
0.244027 0.626809 0.041714 0.688245 0.488780
0.245500 0.374039 0.392488 0.596259 0.516160
0.246035 0.739409 0.283713 0.317733 0.388762
0.246622 0.160595 0.601409 0.422756 0.368620
0.253728 0.837196 0.290255 0.142074 0.113116
0.253771 0.820466 0.347310 0.651143 0.888781
0.255723 0.180344 0.117415 0.343391 0.357523
0.257110 0.853376 0.054124 0.299963 0.206718
0.259145 0.764317 0.463311 0.978845 0.832201
0.259876 0.347088 0.156598 0.125304 0.694384
0.262165 0.554447 0.449137 0.632082 0.922773
0.265121 0.275468 0.019152 0.467288 0.048765
0.269027 0.950022 0.544138 0.722570 0.302248
0.270906 0.654880 0.162767 0.875298 0.078982
0.271633 0.450877 0.393736 0.481203 0.576596
0.272021 0.546010 0.194648 0.976352 0.806141
0.275060 0.923257 0.154915 0.373040 0.485155
0.279633 0.373382 0.446265 0.416032 0.889679
0.283419 0.063863 0.443452 0.130534 0.284694
0.284189 0.282319 0.032251 0.702993 0.079192
0.286004 0.395766 0.007564 0.667498 0.927245
0.291430 0.510288 0.106941 0.494727 0.095557
0.291818 0.419306 0.594730 0.432669 0.134942
0.292279 0.574103 0.586031 0.400181 0.819740
0.295545 0.578778 0.494556 0.250274 0.029186
0.300402 0.313135 0.476472 0.457640 0.772833
0.302341 0.640904 0.055657 0.557989 0.381088
0.307906 0.314742 0.560786 0.590492 0.585000
0.309928 0.220266 0.360766 0.926848 0.025156
0.310601 0.511515 0.110045 0.698771 0.842397
0.310908 0.298020 0.125108 0.987867 0.133750
0.310935 0.883553 0.243739 0.125365 0.215496
0.311798 0.105805 0.193854 0.701606 0.457887
0.313585 0.488120 0.249231 0.861381 0.481757
0.314386 0.634803 0.417485 0.386850 0.550467
0.314439 0.887623 0.428178 0.554564 0.037959
0.314755 0.441176 0.326701 0.374046 0.082208
0.319494 0.618875 0.264065 0.068555 0.781346
0.319935 0.365054 0.204917 0.635469 0.120503
0.323419 0.445103 0.100422 0.372068 0.261378
0.323811 0.841369 0.020680 0.815771 0.667521
0.326574 0.026710 0.351324 0.836719 0.225817
0.333494 0.476368 0.250747 0.884512 0.176300
0.333647 0.438725 0.289514 0.663896 0.531262
0.333725 0.791494 0.595226 0.814240 0.402176
0.335837 0.600624 0.398396 0.632326 0.445309
0.336661 0.425246 0.378547 0.428251 0.024584
0.339877 0.864125 0.602805 0.856599 0.904423
0.339907 0.351195 0.034692 0.086936 0.641570
0.340951 0.402375 0.399026 0.830441 0.019577
0.341206 0.313508 0.620111 0.193495 0.322383
0.342301 0.827170 0.001089 0.287416 0.298828
0.343329 0.880783 0.595794 0.845360 0.380233
0.343524 0.186232 0.080186 0.296439 0.689023
0.345145 0.399659 0.227112 0.069241 0.010670
0.350683 0.620928 0.446946 0.569594 0.105335
0.351987 0.559060 0.415042 0.272142 0.055210
0.352260 0.890774 0.360657 0.043807 0.463043
0.353006 0.909403 0.382210 0.112869 0.478774
0.354071 0.979798 0.485151 0.850650 0.927609
0.358118 0.743478 0.109084 0.866911 0.915525
0.358439 0.289457 0.249305 0.741594 0.210427
0.360213 0.839967 0.024408 0.674200 0.619639
0.360443 0.214038 0.195000 0.489129 0.471208
0.362969 0.649453 0.554839 0.843613 0.668120
0.363180 0.780877 0.277437 0.791173 0.098649
0.364651 0.717811 0.444116 0.629126 0.260176
0.365511 0.743955 0.318075 0.371361 0.991529
0.372643 0.389878 0.277368 0.566305 0.725060
0.373541 0.084449 0.045890 0.449069 0.153738
0.373630 0.887363 0.486799 0.977321 0.870816
0.378229 0.252860 0.528557 0.913014 0.959128
0.378311 0.116550 0.606873 0.136138 0.949822
0.379544 0.531594 0.576636 0.937613 0.012018
0.384277 0.314708 0.333556 0.009500 0.780453
0.387034 0.743161 0.126862 0.919946 0.409563
0.387512 0.517467 0.178022 0.025387 0.144827
0.387671 0.076475 0.123610 0.865467 0.264520
0.389790 0.435432 0.270025 0.456881 0.017316
0.391020 0.244599 0.529627 0.769820 0.361313
0.391117 0.503765 0.447952 0.593725 0.507674
0.391307 0.443134 0.183745 0.206355 0.270015
0.391825 0.312410 0.453444 0.470738 0.758804
0.392816 0.019761 0.193340 0.913675 0.386746
0.392874 0.427772 0.378376 0.535733 0.686030
0.393732 0.239700 0.027958 0.525254 0.932433
0.394471 0.798457 0.520184 0.617075 0.572100
0.395136 0.718969 0.406644 0.420144 0.367012
0.396553 0.930120 0.078559 0.906164 0.822909
0.400791 0.135752 0.461253 0.985457 0.553800
0.401806 0.878734 0.079050 0.205614 0.796099
0.406260 0.605002 0.606064 0.487872 0.368498
0.406417 0.075253 0.242366 0.333798 0.151440
0.419827 0.430034 0.227345 0.028196 0.381783
0.421406 0.762140 0.156003 0.530928 0.597437
0.421436 0.595359 0.613842 0.884490 0.738906
0.421459 0.835734 0.261779 0.021194 0.107493
0.422483 0.970572 0.326641 0.240382 0.087644
0.426481 0.934855 0.161335 0.047958 0.424574
0.429436 0.849432 0.119181 0.705521 0.803118
0.430213 0.127021 0.364040 0.792375 0.662540
0.431806 0.709711 0.379662 0.397647 0.269543
0.435618 0.919103 0.617002 0.498423 0.216833
0.437342 0.193064 0.101012 0.245721 0.584797
0.437390 0.218050 0.129784 0.725676 0.835196
0.437751 0.626133 0.398962 0.334270 0.614780
0.439577 0.413680 0.296532 0.802929 0.427002
0.441683 0.963257 0.513850 0.816764 0.355424
0.442868 0.476414 0.395609 0.863349 0.203092
0.447227 0.708634 0.238306 0.337716 0.233483
0.447580 0.567855 0.555165 0.931073 0.674122
0.450788 0.461296 0.006154 0.301104 0.043304
0.453270 0.049163 0.434377 0.654512 0.894648
0.454600 0.471264 0.400661 0.062137 0.384398
0.456032 0.127099 0.110798 0.839594 0.440476
0.459364 0.706741 0.338063 0.633436 0.718314
0.460747 0.862749 0.550339 0.060174 0.409787
0.462200 0.720663 0.296524 0.687251 0.334257
0.462671 0.503161 0.079145 0.873384 0.199584
0.468575 0.227618 0.419884 0.013399 0.240423
0.472616 0.524171 0.198328 0.417167 0.782822
0.473122 0.027923 0.457425 0.635490 0.072019
0.473194 0.614965 0.424361 0.307492 0.304403
0.479596 0.192137 0.371312 0.445944 0.863180
0.481287 0.202585 0.033864 0.755050 0.980185
0.484467 0.462355 0.439927 0.420462 0.018530
0.485534 0.210859 0.389834 0.781343 0.530815
0.492433 0.187050 0.353740 0.366939 0.563317
0.493016 0.959956 0.237511 0.349601 0.434101
0.494535 0.455210 0.416450 0.275419 0.775684
0.496211 0.624242 0.205124 0.213971 0.124314
0.497953 0.092661 0.067965 0.428380 0.938845
0.501524 0.255187 0.063338 0.253523 0.046077
0.501905 0.775029 0.152785 0.551671 0.958604
0.502124 0.635382 0.299721 0.282843 0.820802
0.502240 0.160527 0.590064 0.419756 0.113209
0.506111 0.030140 0.595555 0.690215 0.698873
0.507255 0.619173 0.450863 0.326886 0.438550
0.507769 0.489343 0.431225 0.275515 0.518500
0.508819 0.155192 0.164068 0.223279 0.430237
0.509376 0.307435 0.350296 0.652501 0.767987
0.509872 0.369452 0.031380 0.628422 0.560113
0.510472 0.653221 0.488541 0.037314 0.762987
0.511906 0.643227 0.380197 0.038870 0.812272
0.513177 0.987619 0.517380 0.722110 0.913014
0.516770 0.759513 0.346723 0.775812 0.357130
0.518224 0.751527 0.531900 0.524235 0.937822
0.518252 0.207341 0.482436 0.141339 0.330943
0.521804 0.862668 0.434425 0.131494 0.341013
0.521822 0.764544 0.273268 0.937898 0.590242
0.522327 0.117071 0.026723 0.759215 0.809380
0.524589 0.481927 0.538927 0.161620 0.908832
0.525146 0.371939 0.214898 0.162868 0.493647
0.525320 0.928757 0.310720 0.907175 0.678001
0.527746 0.608232 0.517978 0.385500 0.908249
0.528840 0.588209 0.596336 0.531113 0.068380
0.530173 0.157603 0.186388 0.081069 0.441639
0.530876 0.800029 0.067573 0.498920 0.849972
0.533702 0.168168 0.009290 0.939900 0.097102
0.538410 0.394412 0.627752 0.098969 0.466788
0.546014 0.961168 0.052182 0.855746 0.398891
0.547755 0.495888 0.207631 0.179912 0.000133
0.548449 0.435916 0.561514 0.519837 0.918633
0.548921 0.058478 0.302700 0.872898 0.269721
0.551973 0.086587 0.137792 0.831630 0.383419
0.553314 0.861131 0.285112 0.657844 0.220674
0.553774 0.367297 0.304984 0.266435 0.128644
0.554477 0.694642 0.417908 0.914077 0.166117
0.554561 0.138654 0.495872 0.501957 0.865491
0.556607 0.062317 0.371506 0.279809 0.769927
0.559392 0.628343 0.380307 0.625929 0.190045
0.559540 0.801644 0.488974 0.558262 0.024434
0.560914 0.893653 0.002288 0.587932 0.037860
0.561034 0.911908 0.092809 0.523305 0.152353
0.562027 0.485372 0.607214 0.798177 0.683088
0.565251 0.532137 0.387614 0.368692 0.147358
0.567686 0.268812 0.688290 0.252124 0.871262
0.572599 0.066930 0.147672 0.520875 0.531784
0.581377 0.120771 0.292410 0.668972 0.435132
0.583746 0.552744 0.312513 0.853431 0.922693
0.586190 0.149064 0.287838 0.512283 0.022264
0.586448 0.169318 0.051926 0.920025 0.750940
0.588013 0.032066 0.572409 0.693123 0.277773
0.589102 0.121590 0.081452 0.117581 0.214183
0.590701 0.776029 0.637323 0.167001 0.836173
0.591769 0.043111 0.363070 0.361351 0.024949
0.593091 0.476705 0.623253 0.720548 0.775547
0.595293 0.867233 0.456981 0.571138 0.685956
0.597248 0.645352 0.219516 0.553308 0.114243
0.600118 0.075096 0.066815 0.299708 0.131560
0.605160 0.769329 0.353375 0.359281 0.223084
0.606090 0.086360 0.292927 0.562345 0.563051
0.606454 0.261294 0.437726 0.898326 0.296796
0.607825 0.164003 0.126576 0.542779 0.657958
0.608142 0.891451 0.509416 0.260369 0.469949
0.609209 0.192292 0.503676 0.526111 0.731471
0.612473 0.642520 0.146041 0.286589 0.412678
0.615856 0.270180 0.590084 0.390777 0.070862
0.616676 0.370530 0.414607 0.463475 0.849694
0.616903 0.298709 0.050187 0.073227 0.569458
0.626474 0.806387 0.072712 0.729097 0.164620
0.629709 0.966189 0.411535 0.312596 0.786063
0.630230 0.728216 0.637809 0.302174 0.459712
0.631010 0.652427 0.502662 0.131198 0.574444
0.636372 0.290517 0.535107 0.322400 0.942045
0.637567 0.813377 0.677080 0.264849 0.825928
0.638217 0.918991 0.524974 0.978055 0.094353
0.640152 0.858904 0.552042 0.598968 0.661593
0.641467 0.502087 0.497180 0.445883 0.903991
0.642273 0.321394 0.606527 0.794995 0.508238
0.648491 0.094600 0.099642 0.336725 0.133887
0.648829 0.209589 0.371984 0.710306 0.277625
0.653490 0.884992 0.225262 0.107367 0.603830
0.654214 0.556736 0.090242 0.264529 0.747710
0.655948 0.057013 0.176018 0.930392 0.511480
0.659312 0.599044 0.401945 0.524463 0.953625
0.660822 0.463850 0.435391 0.789180 0.094138
0.661577 0.808697 0.009385 0.789250 0.218730
0.662055 0.504650 0.356089 0.390220 0.356677
0.663365 0.256149 0.236767 0.382594 0.230461
0.663727 0.110150 0.349289 0.528938 0.371648
0.664448 0.481323 0.441094 0.136184 0.544465
0.665636 0.006998 0.558240 0.567218 0.287303
0.665909 0.233446 0.884416 0.850737 0.982049
0.666181 0.546746 0.419551 0.441960 0.893525
0.667837 0.707762 0.154390 0.080084 0.046376
0.669635 0.417380 0.594865 0.835691 0.277810
0.671267 0.237203 0.602215 0.880482 0.807136
0.673256 0.523537 0.116976 0.180999 0.305162
0.674242 0.078594 0.033342 0.888606 0.905794
0.675390 0.265718 0.491365 0.364876 0.908778
0.676267 0.129771 0.333537 0.691394 0.813524
0.676291 0.193468 0.218232 0.801436 0.838948
0.677853 0.562165 0.041032 0.833758 0.797794
0.680311 0.426998 0.273676 0.332687 0.237699
0.683079 0.383381 0.174414 0.112123 0.589818
0.683112 0.656088 0.534532 0.682147 0.487525
0.683893 0.199386 0.702657 0.760724 0.984045
0.686762 0.933833 0.196363 0.742843 0.935332
0.687341 0.446346 0.210988 0.736600 0.756254
0.689402 0.108576 0.545440 0.100858 0.458621
0.689571 0.130745 0.175046 0.614193 0.947676
0.689892 0.005904 0.144537 0.729978 0.021100
0.694707 0.284114 0.065334 0.680775 0.379387
0.696241 0.607345 0.466254 0.741691 0.131930
0.698346 0.856553 0.256561 0.407057 0.351933
0.699070 0.589441 0.309821 0.959551 0.889508
0.699716 0.552105 0.135146 0.877056 0.618967
0.703737 0.009015 0.109987 0.487236 0.205933
0.704312 0.514534 0.313912 0.390402 0.421773
0.704348 0.754615 0.605290 0.506279 0.653330
0.709034 0.593813 0.386000 0.377329 0.230910
0.710915 0.499215 0.509830 0.745991 0.495932
0.711452 0.579286 0.358183 0.462113 0.844342
0.711806 0.331897 0.355410 0.575208 0.397321
0.713736 0.311606 0.342686 0.562432 0.576622
0.717438 0.253041 0.382065 0.127284 0.317961
0.719358 0.630329 0.222881 0.355277 0.616700
0.720299 0.725247 0.384780 0.189719 0.397179
0.727111 0.446353 0.432546 0.298688 0.059914
0.728672 0.271099 0.609732 0.297242 0.111789
0.738836 0.337877 0.057394 0.521560 0.747996
0.739721 0.425668 0.188965 0.049359 0.044721
0.745175 0.154017 0.618787 0.891271 0.719253
0.748330 0.776656 0.034982 0.682064 0.666829
0.748727 0.790044 0.781680 0.945191 0.517349
0.757158 0.091699 0.181326 0.379941 0.896488
0.757536 0.066491 0.305462 0.356478 0.939838
0.757918 0.371558 0.156552 0.654590 0.091210
0.759305 0.552219 0.580232 0.849790 0.234818
0.764898 0.191161 0.190829 0.360404 0.343792
0.767944 0.144461 0.398162 0.485289 0.372624
0.770087 0.214037 0.486898 0.079955 0.791171
0.773891 0.518568 0.217886 0.646563 0.517917
0.774162 0.689358 0.265644 0.836747 0.057312
0.774612 0.455602 0.247433 0.587210 0.754127
0.775165 0.631601 0.491156 0.425374 0.598488
0.778546 0.766317 0.062342 0.593313 0.107892
0.781682 0.267868 0.788515 0.078990 0.348373
0.782266 0.358865 0.432597 0.476060 0.723680
0.784127 0.742962 0.542987 0.901512 0.644566
0.784363 0.474768 0.080846 0.136630 0.051965
0.784655 0.675957 0.434676 0.948102 0.064098
0.787037 0.273970 0.400173 0.923551 0.292830
0.788136 0.378188 0.446596 0.702147 0.731392
0.790588 0.545367 0.153469 0.708670 0.634804
0.792048 0.716456 0.529510 0.102206 0.354664
0.793779 0.137283 0.129219 0.576539 0.876637
0.794371 0.125084 0.676553 0.311017 0.416746
0.794786 0.287597 0.284289 0.137122 0.507821
0.796015 0.012023 0.713183 0.193874 0.926198
0.797788 0.095578 0.399962 0.596993 0.344421
0.800500 0.039848 0.141796 0.351090 0.643234
0.804784 0.034271 0.575010 0.808081 0.334413
0.804890 0.150436 0.389300 0.906248 0.066987
0.805267 0.583214 0.417147 0.756104 0.306056
0.806716 0.441148 0.605144 0.784361 0.629818
0.808696 0.121842 0.666050 0.433248 0.362605
0.810130 0.779443 0.101267 0.646979 0.657168
0.810785 0.125584 0.143533 0.726193 0.445731
0.812636 0.503115 0.448093 0.518356 0.347723
0.816658 0.606132 0.428373 0.817842 0.167828
0.817547 0.810854 0.859450 0.426991 0.996424
0.818370 0.711534 0.583054 0.961612 0.017387
0.822439 0.258549 0.263971 0.855033 0.301121
0.822654 0.706028 0.290202 0.132822 0.279997
0.826785 0.433353 0.314113 0.459082 0.016103
0.828364 0.217891 0.166991 0.727160 0.058626
0.828553 0.415152 0.578033 0.099032 0.832912
0.828820 0.510426 0.348152 0.973703 0.921243
0.832143 0.720746 0.580180 0.313601 0.538427
0.832304 0.607371 0.468766 0.777059 0.935786
0.832475 0.217627 0.163671 0.691353 0.924926
0.833194 0.091606 0.043308 0.064149 0.348266
0.836052 0.651579 0.174611 0.904901 0.217347
0.837103 0.558240 0.103815 0.855266 0.190345
0.838161 0.378806 0.304784 0.974571 0.051478
0.840164 0.409630 0.466052 0.962841 0.438989
0.842030 0.520579 0.388038 0.692699 0.294898
0.845493 0.109997 0.224525 0.344015 0.677601
0.845977 0.530445 0.707606 0.802948 0.953104
0.850410 0.424931 0.221580 0.499137 0.899124
0.858317 0.623811 0.518272 0.480756 0.306939
0.861695 0.492171 0.324255 0.370412 0.319038
0.863259 0.089774 0.415146 0.963488 0.749754
0.866706 0.540219 0.080265 0.438084 0.259408
0.870901 0.183247 0.341014 0.758923 0.537150
0.872002 0.356484 0.588746 0.629740 0.323787
0.875283 0.272548 0.283917 0.083195 0.668575
0.876508 0.435472 0.136633 0.011330 0.364360
0.878505 0.022451 0.424470 0.404874 0.897224
0.883354 0.614389 0.111901 0.825926 0.236994
0.887093 0.256919 0.358428 0.393345 0.396945
0.887327 0.407491 0.141816 0.004461 0.818879
0.888721 0.278073 0.491870 0.780087 0.421086
0.888842 0.629502 0.064106 0.757648 0.656228
0.891772 0.213238 0.636139 0.609259 0.701185
0.892472 0.345280 0.080567 0.193622 0.964016
0.894414 0.412970 0.236308 0.968109 0.830481
0.899552 0.089810 0.532357 0.673621 0.755167
0.900341 0.438182 0.543676 0.304769 0.713345
0.905980 0.320757 0.231243 0.542112 0.916921
0.907082 0.714807 0.664641 0.999449 0.332499
0.907505 0.451371 0.129933 0.998168 0.189409
0.911192 0.603759 0.174861 0.623709 0.569914
0.913764 0.630590 0.696358 0.510167 0.192902
0.916504 0.084059 0.258051 0.043380 0.248355
0.919901 0.461657 0.649770 0.703050 0.319453
0.920877 0.111281 0.281589 0.683798 0.838403
0.924376 0.536648 0.226851 0.532262 0.449172
0.926835 0.528712 0.259901 0.465442 0.298062
0.927280 0.596441 0.162861 0.272095 0.172989
0.927429 0.318054 0.607535 0.449636 0.521981
0.928472 0.170622 0.053738 0.029324 0.779639
0.928529 0.616469 0.321093 0.934701 0.149664
0.930629 0.148163 0.556150 0.493353 0.502422
0.935813 0.530724 0.877222 0.835229 0.928936
0.936861 0.266990 0.312334 0.083940 0.246046
0.936997 0.767022 0.601346 0.956182 0.682045
0.938022 0.607378 0.397056 0.879015 0.409084
0.938900 0.057975 0.391682 0.952066 0.540526
0.939672 0.142633 0.147205 0.901420 0.131284
0.948279 0.175015 0.269923 0.873164 0.837900
0.949241 0.275350 0.093319 0.789941 0.241916
0.954014 0.054361 0.555508 0.115364 0.518088
0.956704 0.268208 0.902234 0.931461 0.081434
0.958111 0.429242 0.122686 0.551257 0.147735
0.961219 0.188933 0.039780 0.062468 0.407010
0.964168 0.028996 0.606282 0.170767 0.194907
0.965515 0.301027 0.263971 0.377442 0.284335
0.966702 0.460504 0.372938 0.777544 0.093290
0.969308 0.186382 0.442453 0.753638 0.252696
0.969584 0.404752 0.058007 0.295754 0.136395
0.972510 0.768638 0.023295 0.091217 0.690085
0.978559 0.387807 0.121916 0.589606 0.109173
0.978610 0.018373 0.241306 0.820249 0.057828
0.993736 0.365334 0.164180 0.665889 0.750147
0.999669 0.090721 0.581940 0.547657 0.439620
