1.000000000000000000e+00 0.000000000000000000e+00 9.329484495662706545e-01 9.904522937557078688e-01 8.857715951210962668e-01 9.973220157917495055e-01 9.345597739501607659e-01
1.000000000000000000e+00 1.139816329671708602e-02 8.902705995197121025e-01 9.202236100476923752e-01 8.825388994553751143e-01 9.333374514456391768e-01 7.927074879009228248e-01
1.000000000000000000e+00 2.964263523027393064e-04 9.331201209821395892e-01 9.909504349510622756e-01 8.846940298991892160e-01 9.973220157917495055e-01 9.339736074788829168e-01
1.000000000000000000e+00 8.294237357701088244e-04 9.330921158572018648e-01 9.909063607300740983e-01 8.857715951210962668e-01 9.973365503057699533e-01 9.350858207833588898e-01
1.000000000000000000e+00 2.191844855007626849e-03 9.326476745244379751e-01 9.901109747885206147e-01 8.846940298991892160e-01 9.975691025300955639e-01 9.358072564403161486e-01
5.000000000000000000e-01 5.382703522343135899e-02 4.248279435136630422e-01 4.435978094087186796e-01 7.144387248378782918e-01 7.775092930049017914e-01 5.049598701415817237e-01
1.000000000000000000e+00 2.340058031158976769e-03 9.329092423913576404e-01 9.919989914178266588e-01 8.846940298991892160e-01 9.972239078221121211e-01 9.339285177503230395e-01
1.000000000000000000e+00 4.534753139554132013e-03 9.324183125511967818e-01 9.888984212204049440e-01 8.846940298991892160e-01 9.975327662450447219e-01 9.400306610154205433e-01
1.000000000000000000e+00 3.739532444434332057e-03 9.329604917699938493e-01 9.916043733927002446e-01 8.846940298991892160e-01 9.972675113641732425e-01 9.341689963026421628e-01
1.000000000000000000e+00 3.756633964759466433e-03 9.330187424298646004e-01 9.917099465266951963e-01 8.846940298991892160e-01 9.972420759646376531e-01 9.329816334505666164e-01
1.000000000000000000e+00 3.825040046060122767e-03 9.328215863503021010e-01 9.915490243709942364e-01 8.846940298991892160e-01 9.972057396795868112e-01 9.338834280217631623e-01
1.000000000000000000e+00 4.181321719500892022e-03 9.331005173946831377e-01 9.915859237187982789e-01 8.846940298991892160e-01 9.972602441071630741e-01 9.331169026362460261e-01
1.000000000000000000e+00 4.212674506763671410e-03 9.329677731024776932e-01 9.920727901134347437e-01 8.846940298991892160e-01 9.972348087076274847e-01 9.346800132263202165e-01
1.000000000000000000e+00 2.153537449479258625e-01 3.384853428177356793e-01 5.708698098761104678e-01 9.450376823259829528e-01 7.239060052978304460e-01 6.748279075359965296e-01
1.000000000000000000e+00 4.902435826544978420e-03 9.328389495277634724e-01 9.917048216172779096e-01 8.846940298991892160e-01 9.972493432216477105e-01 9.342892355788017245e-01
5.000000000000000000e-01 4.802391932642812583e-02 4.382874866100496258e-01 4.400810965666182017e-01 7.209041161693204858e-01 7.748821795957225866e-01 5.354405266480295467e-01
1.000000000000000000e+00 5.361326621936711792e-03 9.330968767284413268e-01 9.916699722332408262e-01 8.846940298991892160e-01 9.972675113641732425e-01 9.339285177503230395e-01
1.000000000000000000e+00 6.652491406486044437e-03 9.328899188551503796e-01 9.914895754217543100e-01 8.846940298991892160e-01 9.972093733080917843e-01 9.339736074788829168e-01
1.000000000000000000e+00 6.823506609737626724e-03 9.329338869013029667e-01 9.915418494978101016e-01 8.846940298991892160e-01 9.972311750791222895e-01 9.332822316409654650e-01
1.000000000000000000e+00 7.114232455265268040e-03 9.329812155624479519e-01 9.916709972151241947e-01 8.857715951210962668e-01 9.971984724225765317e-01 9.340337271169627531e-01
5.000000000000000000e-01 6.533920865564948888e-02 4.268529940979199910e-01 4.619224355209521349e-01 7.742435946537185032e-01 7.908701450181135906e-01 5.940271139567738778e-01
1.000000000000000000e+00 7.028724853639516795e-03 9.331920941532300118e-01 9.926754794609005117e-01 8.846940298991892160e-01 9.974564600464378428e-01 9.393543150870231617e-01
1.000000000000000000e+00 7.379306020305228392e-03 9.330909956522043247e-01 9.914362763638152609e-01 8.846940298991892160e-01 9.972820458781935793e-01 9.334625905552047520e-01
1.000000000000000000e+00 8.240082543338116822e-03 9.329537705400088310e-01 9.913614526863238074e-01 8.825388994553751143e-01 9.973474511912850948e-01 9.330868428172062190e-01
1.000000000000000000e+00 8.981148424094904589e-03 9.326373126282109238e-01 9.916146232115347070e-01 8.846940298991892160e-01 9.976708441282380324e-01 9.405567078486185562e-01
5.000000000000000000e-01 7.150430673286858885e-02 4.202012168226786359e-01 4.652956508993703610e-01 7.241368118350416383e-01 7.864153164708745924e-01 4.364234827306340270e-01
1.000000000000000000e+00 8.148874434937267153e-03 9.329196042875845807e-01 9.915039251681226906e-01 8.846940298991892160e-01 9.971948387940713365e-01 9.329515736315266983e-01
1.000000000000000000e+00 8.476653574502786281e-03 9.329946580224180996e-01 9.914680508022021277e-01 8.836164646772821651e-01 9.972093733080917843e-01 9.333273213695252313e-01
1.000000000000000000e+00 9.345980857698261632e-03 9.324664813660898943e-01 9.911841308204876189e-01 8.846940298991892160e-01 9.970894635674237838e-01 9.325758258935280542e-01
1.000000000000000000e+00 8.724625619217571057e-03 9.330061401236425800e-01 9.921004646242876923e-01 8.846940298991892160e-01 9.974600936749428159e-01 9.381970120539874225e-01
1.000000000000000000e+00 9.839074693740264624e-03 9.330610301685208219e-01 9.918923933019483385e-01 8.846940298991892160e-01 9.974528264179326476e-01 9.380016232302280654e-01
1.000000000000000000e+00 1.032076751623219046e-02 9.330895953959574829e-01 9.920194910554954726e-01 8.846940298991892160e-01 9.974237573898920850e-01 9.380617428683077907e-01
1.000000000000000000e+00 1.072835375064844221e-02 9.331128396496558564e-01 9.920912397873367095e-01 8.846940298991892160e-01 9.974419255324175060e-01 9.388883878919047632e-01
1.000000000000000000e+00 1.284609201758035550e-02 9.332500647618513501e-01 9.920194910554954726e-01 8.846940298991892160e-01 9.974564600464378428e-01 9.385877897015059146e-01
1.000000000000000000e+00 1.244135603655167205e-02 9.343895932955730288e-01 9.922419121242032070e-01 8.846940298991892160e-01 9.962537290112533084e-01 9.306820572940149860e-01
1.000000000000000000e+00 1.263232301351591667e-02 9.344512045704362890e-01 9.924858578124632347e-01 8.846940298991892160e-01 9.961483537846057557e-01 9.300357711846574116e-01
1.000000000000000000e+00 1.890288046607343023e-02 8.904069844781594689e-01 9.223073982167365736e-01 8.836164646772821651e-01 9.295584778003468385e-01 8.362190759611626278e-01
1.000000000000000000e+00 1.367551575335046454e-02 9.344416828279574760e-01 9.920082162547776417e-01 8.846940298991892160e-01 9.963082334388297934e-01 9.308624162082543840e-01
1.000000000000000000e+00 1.468735570592227119e-02 9.334998704762971222e-01 9.916217980847188418e-01 8.846940298991892160e-01 9.965226175206299830e-01 9.312832536748127943e-01
1.000000000000000000e+00 1.427406896473096092e-02 9.345164565115415822e-01 9.920164161098452560e-01 8.846940298991892160e-01 9.962573626397585036e-01 9.304866684702557400e-01
1.000000000000000000e+00 4.645913021667921684e-04 9.073699687042728890e-01 1.000000000000000000e+00 9.299517692192845741e-01 9.988408725068768090e-01 8.740944479514232146e-01
5.000000000000000000e-01 1.111000267923818452e-01 2.929170838263401855e-01 4.973611841410702783e-01 6.707973333506435099e-01 7.650205118329113096e-01 2.871163615595034857e-01
1.000000000000000000e+00 3.400637316657450365e-02 9.041297757489620279e-01 9.153262466085910765e-01 8.523670732419782459e-01 9.363388285908426090e-01 8.119157122674121041e-01
1.000000000000000000e+00 9.652383096857308775e-02 7.447086416814276966e-01 7.599133685312112751e-01 2.737080577211442045e-01 6.714691123408924600e-01 1.492920912616105544e-01
1.000000000000000000e+00 1.592721592949615864e-02 9.346710448011986694e-01 9.928517763448531097e-01 8.846940298991892160e-01 9.961229183850701663e-01 9.292391859801003573e-01
1.000000000000000000e+00 1.626069557583669639e-02 9.347315358710643896e-01 9.927523531021589243e-01 8.846940298991892160e-01 9.961447201561007825e-01 9.298704421799380837e-01
5.000000000000000000e-01 8.825809614474729170e-02 3.996549768607655650e-01 4.369262023293738473e-01 7.403002901636470678e-01 7.741154839811488220e-01 5.714972795863768606e-01
5.000000000000000000e-01 1.245190197408549415e-01 4.136886250183783309e-01 4.440037022345629247e-01 7.661618554894157329e-01 7.857394615689282658e-01 5.431959599603211064e-01
5.000000000000000000e-01 7.506997372066380458e-02 4.114865820445141598e-01 4.351816831637501104e-01 7.176714205035994443e-01 7.747404680840241920e-01 5.275197643310186590e-01
1.000000000000000000e+00 1.072236821853462807e-01 1.976055618178127193e-01 5.532134719518833066e-01 7.963336817028126013e-01 8.223700705287293466e-01 5.532509694291640745e-01
1.000000000000000000e+00 1.878316982379733130e-02 9.348469169858083516e-01 9.928056521600980844e-01 8.857715951210962668e-01 9.959993750158973036e-01 9.300508010941773707e-01
1.000000000000000000e+00 7.495596358516272428e-02 4.544259999579923215e-01 6.986450764482737830e-01 9.978448695561858983e-01 8.073232148891561488e-01 7.783689542188955146e-01
1.000000000000000000e+00 2.989345752837426623e-02 8.953067611372880208e-01 9.124429725704598093e-01 9.374947257726337080e-01 9.285010919053657830e-01 9.326209156220878205e-01
1.000000000000000000e+00 1.300570620728182074e-02 9.031938444735386762e-01 9.846693459693099948e-01 9.137882908906789226e-01 1.000000000000000000e+00 9.087233594853757479e-01
1.000000000000000000e+00 2.006863410157164532e-02 9.349925436354852293e-01 9.932515192793966996e-01 8.857715951210962668e-01 9.959557714738361822e-01 9.296299636276188494e-01
1.000000000000000000e+00 2.055317717745110129e-02 9.360486168968921161e-01 9.932576691706974659e-01 8.857715951210962668e-01 9.958213272191478449e-01 9.285177503231429874e-01
1.000000000000000000e+00 2.271936975197096781e-02 9.300549600576906162e-01 9.924294838088736359e-01 8.803837690115611236e-01 9.949383554924112749e-01 9.121351489464033513e-01
1.000000000000000000e+00 2.190704753652599271e-02 9.361292716567131134e-01 9.932053950946416743e-01 8.857715951210962668e-01 9.958249608476530401e-01 9.276009258424262605e-01
1.000000000000000000e+00 2.208661349994016365e-02 9.361749200103618440e-01 9.931756706200217666e-01 8.857715951210962668e-01 9.958285944761580133e-01 9.276159557519462195e-01
1.000000000000000000e+00 2.244289517338093204e-02 9.362152473902723981e-01 9.932279446960774472e-01 8.857715951210962668e-01 9.958067927051275081e-01 9.272101481949077684e-01
1.000000000000000000e+00 2.275357279262127733e-02 9.361446744754289284e-01 9.931510710548190346e-01 8.857715951210962668e-01 9.958285944761580133e-01 9.273604472901072482e-01
1.000000000000000000e+00 2.267091544438301284e-02 9.362687371789036872e-01 9.932761188445994316e-01 8.857715951210962668e-01 9.958285944761580133e-01 9.269396098235488379e-01
1.000000000000000000e+00 2.275357279262127733e-02 9.362830197926220732e-01 9.932299946598444063e-01 8.857715951210962668e-01 9.957995254481172287e-01 9.272852977425074528e-01
1.000000000000000000e+00 2.309275294573687187e-02 9.364264060323039818e-01 9.931582459280032804e-01 8.857715951210962668e-01 9.957522882775511341e-01 9.270598490997083996e-01
1.000000000000000000e+00 2.799803902566937869e-02 9.393571423570513668e-01 9.856410287948159654e-01 8.512895080200711950e-01 9.969550193127354465e-01 9.349806114167191762e-01
1.000000000000000000e+00 2.354309298096601832e-02 9.364406886460221457e-01 9.931961702576906914e-01 8.857715951210962668e-01 9.957595555345613025e-01 9.270297892806684814e-01
1.000000000000000000e+00 2.360864880887910550e-02 9.362922614838515845e-01 9.931797705475555738e-01 8.857715951210962668e-01 9.958104263336327033e-01 9.267442209997895919e-01
1.000000000000000000e+00 3.541154808662491660e-02 9.283984569176159107e-01 9.337082717062976656e-01 9.903019130028367645e-01 8.994429647501699376e-01 9.278564343042654539e-01
1.000000000000000000e+00 2.100351721268020957e-02 9.266657798377102573e-01 9.935569638806633908e-01 8.965472473401665532e-01 9.966788635463488255e-01 9.213033937535695106e-01
1.000000000000000000e+00 2.429270962188539301e-02 9.370217949884829256e-01 9.940100058731462518e-01 8.857715951210962668e-01 9.956142103943578237e-01 9.229115940722035782e-01
1.000000000000000000e+00 2.658716359884394712e-02 9.370736044696178491e-01 9.938562585906293156e-01 8.857715951210962668e-01 9.956214776513679920e-01 9.222502780533260447e-01
1.000000000000000000e+00 2.827166335087188606e-02 9.272586483326448192e-01 9.919590171243722887e-01 8.803837690115611236e-01 9.947784758381873482e-01 9.092644362280938308e-01
1.000000000000000000e+00 2.720851883732463422e-02 9.371021696970545101e-01 9.935600388263137184e-01 8.857715951210962668e-01 9.955924086233273185e-01 9.214987825773288677e-01
1.000000000000000000e+00 2.522160720088015839e-01 2.993731052782658830e-01 5.804328908486542371e-01 9.719768128736586688e-01 6.284106145555891088e-01 6.760152703880721869e-01
1.000000000000000000e+00 2.757905177770305152e-02 9.372547976279659299e-01 9.936379374494554995e-01 8.857715951210962668e-01 9.956323785368832446e-01 9.216340517630083884e-01
1.000000000000000000e+00 2.767881064626644474e-02 9.373418935665226437e-01 9.936563871233575762e-01 8.857715951210962668e-01 9.955996758803374869e-01 9.212733339345295924e-01
5.000000000000000000e-01 1.009502744794011919e-01 3.028843878429752778e-01 5.093585970867965385e-01 7.160550726707388680e-01 7.973089347291312246e-01 3.065800943878317364e-01
1.000000000000000000e+00 3.757774066114478312e-02 8.945822685551456654e-01 9.187988852297035436e-01 9.536582041012391375e-01 9.255360510452133038e-01 9.255568581477138235e-01
5.000000000000000000e-01 8.580402797808726889e-02 4.214026366825128767e-01 4.668894977281276004e-01 7.079733335064360977e-01 7.907175326208999433e-01 4.343944449454413270e-01
1.000000000000000000e+00 2.959988142945909478e-02 9.374807989862145030e-01 9.936492122501733304e-01 8.868491603430033177e-01 9.955597059667813387e-01 9.205368683680523745e-01
1.000000000000000000e+00 3.892021000666959218e-02 6.160766220218298894e-01 8.847346373152854548e-01 1.000000000000000000e+00 8.473767019007510948e-01 9.206871674632518543e-01
1.000000000000000000e+00 3.212235567741972969e-02 9.372875636241432273e-01 9.931920703301568842e-01 8.846940298991892160e-01 9.957304865065206290e-01 9.196651336158955248e-01
1.000000000000000000e+00 3.203114756901888349e-02 9.373990240213959657e-01 9.934134664169810280e-01 8.868491603430033177e-01 9.956832493359545344e-01 9.200258514443742097e-01
1.000000000000000000e+00 3.278646471671331497e-02 9.374634358087529096e-01 9.933734921235266579e-01 8.868491603430033177e-01 9.956578139364187230e-01 9.192893858778968807e-01
1.000000000000000000e+00 3.608135763269355867e-02 9.380862697873710854e-01 9.929337748955288090e-01 8.836164646772821651e-01 9.949528900064316117e-01 9.131120930651995815e-01
1.000000000000000000e+00 3.589324090911684417e-02 9.381095140410694588e-01 9.936625370146582314e-01 8.846940298991892160e-01 9.948293466372585270e-01 9.130519734271198562e-01
5.000000000000000000e-01 1.489399907651790533e-01 4.085449237210409534e-01 4.751723763282483803e-01 6.400867245262932270e-01 7.619282939750805506e-01 2.758739892385846937e-01
1.000000000000000000e+00 8.166546005939927244e-02 6.711548613396252083e-01 8.384731049878693110e-01 8.426689862448150103e-01 9.248383943722363609e-01 9.591487059247904012e-01
1.000000000000000000e+00 3.695923567605161747e-02 9.384850627664862444e-01 9.937916847319724356e-01 8.846940298991892160e-01 9.947821094666923214e-01 9.120149096702436786e-01
1.000000000000000000e+00 3.805658323024917883e-02 9.383285141180836009e-01 9.936010381016515680e-01 8.846940298991892160e-01 9.948257130087534428e-01 9.119848498512037605e-01
1.000000000000000000e+00 3.845846895789037378e-02 9.380753477886452085e-01 9.933488925583240370e-01 8.846940298991892160e-01 9.948293466372585270e-01 9.120149096702436786e-01
1.000000000000000000e+00 3.428854825193959621e-02 9.360841834055632082e-01 9.940663798767356285e-01 8.933145516744454007e-01 9.959049006747648924e-01 9.209577058346107847e-01
1.000000000000000000e+00 3.858673036032905790e-02 9.381324782435185305e-01 9.935364642429944659e-01 8.846940298991892160e-01 9.948148121232383012e-01 9.118495806655242397e-01
1.000000000000000000e+00 4.015151947008089445e-02 9.382893069431705868e-01 9.936574121052409447e-01 8.846940298991892160e-01 9.947603076956618162e-01 9.108275468181680212e-01
1.000000000000000000e+00 4.033108543349506886e-02 9.381148350148076354e-01 9.939259573587037044e-01 8.846940298991892160e-01 9.946476652120040951e-01 9.106471879039287343e-01
1.000000000000000000e+00 3.669986261778671738e-02 9.288546604028535825e-01 9.277377522352292516e-01 9.838365216713945705e-01 8.806643726358704960e-01 9.271800883758678502e-01
1.000000000000000000e+00 4.156809540368138628e-02 9.383408363730562085e-01 9.936092379567190713e-01 8.846940298991892160e-01 9.947784758381873482e-01 9.101512008897706396e-01
1.000000000000000000e+00 4.169920705950760226e-02 9.384542571290546142e-01 9.936666369421920386e-01 8.846940298991892160e-01 9.947239714106110853e-01 9.097303634232121183e-01
1.000000000000000000e+00 3.752073559339427766e-02 9.318058404688057683e-01 9.877760660580324759e-01 8.922369864525384608e-01 9.980378406072520914e-01 9.171851985451046074e-01
1.000000000000000000e+00 4.185597099582154257e-02 9.381478810622343456e-01 9.927697777941775215e-01 8.857715951210962668e-01 9.947930103522077960e-01 9.098806625184114871e-01
1.000000000000000000e+00 4.249442775462740352e-02 9.375681749760206296e-01 9.957852744952733204e-01 8.846940298991892160e-01 9.946040616699430847e-01 9.165840021643069102e-01
1.000000000000000000e+00 4.275095055950473705e-02 8.105254461566466784e-01 8.968529981232582493e-01 9.870692173371157230e-01 8.562827253667240068e-01 9.345748038596806140e-01
1.000000000000000000e+00 4.333810275733515627e-02 9.383100307356246894e-01 9.937363357102663164e-01 8.846940298991892160e-01 9.946876351255601323e-01 9.085580304806564200e-01
1.000000000000000000e+00 4.429008738876885620e-02 9.385850410625143914e-01 9.936451123226397453e-01 8.857715951210962668e-01 9.946004280414380005e-01 9.088285688520153505e-01
1.000000000000000000e+00 3.729841582916721549e-02 9.243772010277880868e-01 9.858378253164375993e-01 8.911594212306314100e-01 9.967079325743896101e-01 9.080019238284184890e-01
5.000000000000000000e-01 1.151901404034818416e-01 5.032837409245891624e-01 5.820308376049453392e-01 7.176714205035994443e-01 7.964404975164149914e-01 3.709231370427150676e-01
5.000000000000000000e-01 1.126961686893964976e-01 4.364371880054050412e-01 4.802706362165048981e-01 7.807089859851606972e-01 8.047615067930685706e-01 6.110259416238315033e-01
1.000000000000000000e+00 5.046373622615050319e-02 9.376821558345176388e-01 9.937886097863221080e-01 8.857715951210962668e-01 9.944805183007700000e-01 9.042594763579522299e-01
5.000000000000000000e-01 1.627865217217810967e-01 2.939686762677569676e-01 4.898449919897666094e-01 6.481684636905958863e-01 7.689193952188716485e-01 3.009138184988125464e-01
1.000000000000000000e+00 5.136726654999632796e-02 9.389443468154672345e-01 9.930680475222599668e-01 8.846940298991892160e-01 9.946258634409734789e-01 9.040791174437129429e-01
1.000000000000000000e+00 5.216818775189114438e-02 9.389320245604945159e-01 9.930793223229779088e-01 8.846940298991892160e-01 9.945822598989125796e-01 9.033576817867555731e-01
1.000000000000000000e+00 4.729140420583392845e-02 9.208222304681755732e-01 9.332521547681644769e-01 9.762870737612867611e-01 8.885965836624795111e-01 9.472600474945138682e-01
1.000000000000000000e+00 5.659748151610678041e-02 5.190825521070355775e-01 8.560484693433042525e-01 9.989224347780929492e-01 8.425948467880540749e-01 8.923407581086361118e-01
1.000000000000000000e+00 5.635806023155458255e-02 9.391176985388326459e-01 9.927195536818885779e-01 8.857715951210962668e-01 9.945277554713360946e-01 9.008326569874048895e-01
1.000000000000000000e+00 4.560975470719347974e-02 8.797994833054448849e-01 9.412818628430741352e-01 9.084004647811437794e-01 9.589836014345566317e-01 9.434725102954878428e-01
1.000000000000000000e+00 5.761787222884113407e-02 9.389093404092948569e-01 9.924674081385610469e-01 8.836164646772821651e-01 9.945640917563870476e-01 9.004268494303663273e-01
1.000000000000000000e+00 5.907720196325456224e-02 9.428653443580174986e-01 9.925596565080712086e-01 8.857715951210962668e-01 9.941135218217561631e-01 8.990891874830913011e-01
1.000000000000000000e+00 6.096121945240933621e-02 9.327179673880319211e-01 9.943841242606036301e-01 8.771510733458399711e-01 9.929071571580666555e-01 8.951663810983856440e-01
1.000000000000000000e+00 5.892898878710316896e-02 9.428695451267581351e-01 9.924889327581134513e-01 8.857715951210962668e-01 9.941389572212917525e-01 8.991493071211710264e-01
1.000000000000000000e+00 5.918551159198054412e-02 9.428703852805062624e-01 9.925094323957823761e-01 8.857715951210962668e-01 9.941244227072713047e-01 8.990741575735713420e-01
1.000000000000000000e+00 6.017739977083964853e-02 9.429429185540953995e-01 9.921968129213316612e-01 8.857715951210962668e-01 9.941244227072713047e-01 8.985781705594131363e-01
1.000000000000000000e+00 6.104672705403512561e-02 9.430370157738866554e-01 9.921629885191778353e-01 8.857715951210962668e-01 9.941316899642814731e-01 8.979619442690954800e-01
1.000000000000000000e+00 6.163102899847797828e-02 9.429616819878038347e-01 9.918329443527086342e-01 8.846940298991892160e-01 9.941462244783019209e-01 8.970751796074186712e-01
1.000000000000000000e+00 6.146001379522639252e-02 9.431504365298850612e-01 9.925596565080712086e-01 8.868491603430033177e-01 9.940917200507255469e-01 8.965641626837406175e-01
1.000000000000000000e+00 6.326137393614293669e-02 9.430963866387548356e-01 9.917232712911798753e-01 8.836164646772821651e-01 9.941716598778373992e-01 8.965190729551807403e-01
1.000000000000000000e+00 5.178055329118759487e-02 9.303098066946250411e-01 9.946413947133484479e-01 8.879267255649102575e-01 9.947058032680855533e-01 8.932275227703128095e-01
1.000000000000000000e+00 5.369592356760518465e-02 9.350440730653708510e-01 9.870360291381850004e-01 8.782286385677470220e-01 9.965189838921250098e-01 9.368593501067122853e-01
1.000000000000000000e+00 1.074602532165109536e-01 2.616291981432602443e-01 4.919328800863444484e-01 4.665922324425027523e-01 3.267831123481598210e-01 5.899239486578286562e-02
1.000000000000000000e+00 6.495727470172099616e-02 9.431854429360572167e-01 9.914619009109013614e-01 8.836164646772821651e-01 9.941752935063425944e-01 8.956323082935040425e-01
1.000000000000000000e+00 4.999059416382116428e-02 8.056074661663084058e-01 9.331947557826915096e-01 9.784422042051007518e-01 9.255905554727895668e-01 8.021162112604082184e-01
1.000000000000000000e+00 6.519099547949813722e-02 9.432848611295866492e-01 9.916279479760196081e-01 8.846940298991892160e-01 9.941353235927865573e-01 8.958577569363032067e-01
1.000000000000000000e+00 6.532210713532435320e-02 9.432887818470779839e-01 9.914414012732324366e-01 8.836164646772821651e-01 9.941898280203630422e-01 8.952565605555052874e-01
1.000000000000000000e+00 1.175701019820661886e-01 5.302560368547444281e-01 7.768276195718241128e-01 8.965472473401665532e-01 9.218733535120836597e-01 9.055370186671475308e-01
1.000000000000000000e+00 6.623988872610774015e-02 9.433019442557987189e-01 9.914301264725144947e-01 8.836164646772821651e-01 9.941789271348475676e-01 8.949259025460666317e-01
1.000000000000000000e+00 6.754245452420723494e-02 9.433935210143455929e-01 9.908417868714169963e-01 8.836164646772821651e-01 9.942734014759799788e-01 8.943096762557488644e-01
1.000000000000000000e+00 6.883931981553158275e-02 9.435573509952320803e-01 9.907392886830724832e-01 8.836164646772821651e-01 9.943024705040207634e-01 8.938888387891904541e-01
1.000000000000000000e+00 7.038130689818326846e-02 9.435632320714690824e-01 9.904533187375912373e-01 8.836164646772821651e-01 9.942915696185053998e-01 8.925812366609552351e-01
1.000000000000000000e+00 7.034140335075786399e-02 9.435909571451575051e-01 9.905978411831570796e-01 8.836164646772821651e-01 9.942988368755155681e-01 8.931523732227131251e-01
1.000000000000000000e+00 5.813376809198337464e-02 9.375642542585292949e-01 9.918524190084940795e-01 8.879267255649102575e-01 9.956723484504391708e-01 9.002014007875671631e-01
1.000000000000000000e+00 9.424362825855217562e-02 3.584501963859386131e-01 6.099513441099928546e-01 3.846972755775683872e-01 5.865802832050056592e-01 8.282983136441519900e-02
1.000000000000000000e+00 7.419209567730575272e-02 9.438558856270696795e-01 9.899685023067217315e-01 8.825388994553751143e-01 9.943933112166479793e-01 8.909880662518410155e-01
1.000000000000000000e+00 7.357929119898756753e-02 9.438746490607781148e-01 9.898865037560460323e-01 8.825388994553751143e-01 9.944187466161835687e-01 8.914690233564793731e-01
1.000000000000000000e+00 7.744993529924815157e-02 9.441575008226505972e-01 9.899582524878872691e-01 8.825388994553751143e-01 9.944151129876784845e-01 8.904469895091231546e-01
1.000000000000000000e+00 1.214863501365271575e-01 6.228874684067184919e-01 7.888240075356668379e-01 8.857715951210962668e-01 9.178690948994757681e-01 9.385877897015059146e-01
1.000000000000000000e+00 7.950496799165450434e-02 9.429661628077937729e-01 9.896989320713756033e-01 8.825388994553751143e-01 9.943678758171122789e-01 8.890792677428080992e-01
1.000000000000000000e+00 7.605901164613534937e-02 9.450323809257092922e-01 9.912394798421937381e-01 8.846940298991892160e-01 9.945095873288107846e-01 8.902966904139236748e-01
1.000000000000000000e+00 6.516249294562288796e-02 9.422304681756762390e-01 9.899336529226845371e-01 8.868491603430033177e-01 9.951018687751402858e-01 8.924760272943156325e-01
5.000000000000000000e-01 4.280966577928778105e-01 4.685753092815984622e-01 5.236048202848014865e-01 1.131443483002380623e-01 3.320627745660539309e-01 1.583851865211771959e-01
1.000000000000000000e+00 7.901472440899999505e-02 9.438191989134011584e-01 9.871600519460819179e-01 8.803837690115611236e-01 9.951999767447776701e-01 9.021853488441998747e-01
1.000000000000000000e+00 6.592066034670485131e-02 9.383075102743800855e-01 9.900320511834953541e-01 8.857715951210962668e-01 9.955960422518322916e-01 8.931824330417529323e-01
1.000000000000000000e+00 8.324450043608876137e-02 9.431994454985261900e-01 9.891259671985296320e-01 8.814613342334681745e-01 9.944805183007700000e-01 8.864790933958577313e-01
1.000000000000000000e+00 8.431049520302358324e-02 9.443613781321981149e-01 9.887549237567225813e-01 8.814613342334681745e-01 9.946440315834990109e-01 8.868849009528961824e-01
1.000000000000000000e+00 8.497460424231711995e-02 9.432862613858336021e-01 9.891310921079469187e-01 8.814613342334681745e-01 9.944696174152548585e-01 8.855472390056211562e-01
1.000000000000000000e+00 8.453281496725059685e-02 9.432568560046488138e-01 9.889414704595095307e-01 8.814613342334681745e-01 9.945495572423665998e-01 8.862987344816183333e-01
1.000000000000000000e+00 8.620306345234093892e-02 9.429406781441003194e-01 9.889711949341295494e-01 8.814613342334681745e-01 9.939354740250067044e-01 8.827366459253914721e-01
5.000000000000000000e-01 1.118809962205639941e-01 3.440205557617044274e-01 4.416523937939397237e-01 1.325405222945647277e-01 5.706068522966348810e-01 1.616316469774851661e-01
5.000000000000000000e-01 1.483471380605735912e-01 4.410588737739005727e-01 4.665604785435417123e-01 7.904070729823239327e-01 7.910554600718732177e-01 5.762317010851593091e-01
1.000000000000000000e+00 8.714649732361208490e-02 9.435033011041020767e-01 9.887846482313424890e-01 8.814613342334681745e-01 9.945604581278820744e-01 8.849610725343431961e-01
1.000000000000000000e+00 8.740872063526451685e-02 9.435716336089503553e-01 9.884464042098055625e-01 8.803837690115611236e-01 9.946294970694786741e-01 8.856073586437008816e-01
1.000000000000000000e+00 1.158742012164881707e-01 3.582533203576254155e-01 4.265462107957241900e-01 2.489240576172825348e-01 3.261326928457488616e-01 1.330146992515100247e-02
1.000000000000000000e+00 7.922849341306442694e-02 9.443683794134325460e-01 9.893852876150414088e-01 8.836164646772821651e-01 9.949819590344723963e-01 8.889890882856884557e-01
1.000000000000000000e+00 8.782485762984328093e-02 9.436494878562775579e-01 9.884566540286400249e-01 8.803837690115611236e-01 9.946149625554583373e-01 8.853368202723419511e-01
1.000000000000000000e+00 6.252030805538615066e-02 9.125534372790220505e-01 9.851879868023333264e-01 8.739183776801188186e-01 9.989789503900701195e-01 8.573811885652448117e-01
1.000000000000000000e+00 1.152300439509072599e-01 2.058116235271054972e-01 4.935667012085561134e-01 3.997831886842668214e-01 5.660757175507890038e-01 1.039919439684974245e-01
1.000000000000000000e+00 9.093163382224679625e-02 9.440765660115799651e-01 9.880794606955322079e-01 8.793062037896540728e-01 9.942297979339188574e-01 8.801815613070008704e-01
1.000000000000000000e+00 9.126511346858737217e-02 9.435646323277159242e-01 9.880159118187585854e-01 8.793062037896540728e-01 9.942007289058781838e-01 8.801364715784409931e-01
1.000000000000000000e+00 9.144182917861401472e-02 9.441101721615055009e-01 9.881614592462077962e-01 8.793062037896540728e-01 9.941934616488680154e-01 8.799561126642017062e-01
1.000000000000000000e+00 6.490311988735798787e-02 9.309939718968570643e-01 9.357039114333653984e-01 9.838365216713945705e-01 8.857260171434593321e-01 8.920101000991973450e-01
1.000000000000000000e+00 9.318618425178003262e-02 9.445095252431194854e-01 9.879841373803717186e-01 8.793062037896540728e-01 9.943460740460816627e-01 8.796855742928426647e-01
1.000000000000000000e+00 8.014342475046029590e-02 9.439891900217739495e-01 9.891618415644503060e-01 8.836164646772821651e-01 9.950001271769977063e-01 8.840141882345866620e-01
1.000000000000000000e+00 9.444029574229152735e-02 9.446215457428709383e-01 9.882075834309628215e-01 8.793062037896540728e-01 9.942661342189698104e-01 8.786334806264465280e-01
1.000000000000000000e+00 9.489633628429568202e-02 9.446811966589885312e-01 9.880825356411825355e-01 8.793062037896540728e-01 9.942770351044850630e-01 8.786936002645262533e-01
1.000000000000000000e+00 1.114107044116221940e-01 3.039298191569057561e-01 5.548103937262908181e-01 4.902986673244574267e-01 5.878593204387970728e-01 8.152222923617996608e-02
5.000000000000000000e-01 1.788362985469408584e-01 4.202941938374722408e-01 4.517330906176232896e-01 7.807089859851606972e-01 7.888789165973250084e-01 5.371839961523432461e-01
1.000000000000000000e+00 1.188356144861277969e-01 2.597455734399395366e-01 5.434382197294662653e-01 5.193929283159472998e-01 5.694840610885625320e-01 8.209336579793800881e-02
1.000000000000000000e+00 9.777794245908466575e-02 9.464942484474657691e-01 9.880271866194764163e-01 8.771510733458399711e-01 9.938337324268641249e-01 8.755222893558179953e-01
1.000000000000000000e+00 9.503884895367198382e-02 9.568306600107818749e-01 9.884300044996705559e-01 8.426689862448150103e-01 9.972420759646376531e-01 9.758469354014489561e-01
1.000000000000000000e+00 9.806866830461230533e-02 9.462858903179282022e-01 9.867664589028388722e-01 8.706856820143976661e-01 9.943315395320613259e-01 8.787988096311658559e-01
1.000000000000000000e+00 7.702239729111920452e-02 3.236868746980697820e-01 4.953163452835970815e-01 2.596997098363528211e-01 6.080223250135352586e-01 8.800012023927612781e-02
1.000000000000000000e+00 1.102563517896741341e-01 2.600511093530116780e-01 5.385183066889293046e-01 4.870659716587363297e-01 5.517737557547591765e-01 7.844109778459135152e-02
1.000000000000000000e+00 9.382749126397334216e-02 9.529331867731793970e-01 9.831943970390322196e-01 8.566773341296063382e-01 9.966207254902673673e-01 9.424655063576518055e-01
1.000000000000000000e+00 7.999236132092141238e-02 9.342078400347263445e-01 9.856266790484478069e-01 8.900818560087243592e-01 9.957304865065206290e-01 8.783178525265277203e-01
1.000000000000000000e+00 1.318726734806724699e-01 7.173467944633867832e-01 7.621509039827720766e-01 4.224120583443145005e-01 7.016064271620998660e-01 2.104487930982655297e-01
1.000000000000000000e+00 1.018623555634096123e-01 9.469515721377010919e-01 9.868166830151277047e-01 8.728408124582117678e-01 9.943170050180411002e-01 8.763789941984548859e-01
1.000000000000000000e+00 1.196507869549603004e-01 2.150703978828125973e-01 5.509082876960149644e-01 5.237031892035753922e-01 5.725835462034032375e-01 8.340096792617304744e-02
1.000000000000000000e+00 1.039316395227536105e-01 9.471828944696878416e-01 9.862478180698156516e-01 8.717632472363047169e-01 9.944187466161835687e-01 8.754471398082181999e-01
5.000000000000000000e-01 1.042138146081186545e-01 3.534033928208862307e-01 5.406728186079311493e-01 6.627155941863408506e-01 7.646317135828667455e-01 3.381278744701957106e-01
5.000000000000000000e-01 1.411331467367448744e-01 2.382303561551764037e-01 5.303184516213675925e-01 7.031242900078544800e-01 7.906484936793033436e-01 3.019057925271290688e-01
1.000000000000000000e+00 1.053026114021536341e-01 9.473184392743871918e-01 9.868556323266985952e-01 8.717632472363047169e-01 9.942843023614952314e-01 8.733730122944658447e-01
1.000000000000000000e+00 9.749006686694447477e-02 9.480950213889141054e-01 9.874757463661829604e-01 8.760735081239330313e-01 9.943097377610309318e-01 8.665043436438512048e-01
1.000000000000000000e+00 1.081329130159671553e-01 9.473327218881054668e-01 9.869796551345955127e-01 8.706856820143976661e-01 9.942479660764442784e-01 8.716746325187122446e-01
1.000000000000000000e+00 8.871983719352651010e-02 8.897880712170327389e-01 9.436454710662989243e-01 8.857715951210962668e-01 9.587437819532207417e-01 8.904620194186430027e-01
1.000000000000000000e+00 1.095893924969929822e-01 9.475741260650699660e-01 9.860079723090893200e-01 8.696081167924906152e-01 9.944405483872140739e-01 8.717197222472720108e-01
1.000000000000000000e+00 1.210046573140352300e-01 2.632548956459032086e-01 5.265198687613196205e-01 4.816781455492011865e-01 5.027016027935335973e-01 7.958337090810724268e-02
1.000000000000000000e+00 1.101480421609481036e-01 9.474060953154426201e-01 9.861832442111585495e-01 8.706856820143976661e-01 9.943751430741224473e-01 8.703069107523971892e-01
1.000000000000000000e+00 2.685793767065892124e-01 6.853472985556355868e-01 5.962832106942509425e-01 3.943953625747317338e-01 6.898044017775710746e-01 2.076682598370759025e-01
1.000000000000000000e+00 1.055705352205811159e-01 3.520905125637991961e-01 5.720598138427902546e-01 3.846972755775683872e-01 5.672857158429837066e-01 7.657738900411821537e-02
5.000000000000000000e-01 9.104279370436035856e-02 3.910279981236566837e-01 3.831536027600712102e-01 1.648674789517755590e-01 1.603193232730271978e-01 7.513451769020354498e-02
1.000000000000000000e+00 1.106781892910279480e-01 9.474408216703656960e-01 9.860212970735742211e-01 8.696081167924906152e-01 9.944369147587088786e-01 8.704421799380765989e-01
1.000000000000000000e+00 1.045786470417220532e-01 9.549512360762019147e-01 9.829074021116676052e-01 8.491343775762570933e-01 9.963155006958399618e-01 9.206420777346919770e-01
1.000000000000000000e+00 1.116358744292367394e-01 9.473736093705147354e-01 9.865778622362848527e-01 8.717632472363047169e-01 9.943061041325257365e-01 8.685333814290437937e-01
1.000000000000000000e+00 1.095836919902179185e-01 9.246516512521790743e-01 9.165347002491730510e-01 9.331844648850056156e-01 9.131308433288398696e-01 7.244266089518140994e-01
1.000000000000000000e+00 1.121945240931918747e-01 9.473542858343076967e-01 9.859526232873833118e-01 8.696081167924906152e-01 9.944332811302039055e-01 8.688339796194426423e-01
1.000000000000000000e+00 1.133061229143270815e-01 9.476063319587484379e-01 9.853765834688871239e-01 8.674529863486766246e-01 9.945168545858209530e-01 8.685784711576035599e-01
5.000000000000000000e-01 1.238606112083364547e-01 4.057007232323515677e-01 3.881237399128970589e-01 1.228424352974014921e-01 4.262754944459988815e-01 1.443773108485887080e-01
1.000000000000000000e+00 1.150305262137803763e-01 9.480322899090534161e-01 9.853273843384817710e-01 8.674529863486766246e-01 9.944950528147903368e-01 8.669702708389694923e-01
1.000000000000000000e+00 1.164955564549688682e-01 9.505045823385679382e-01 9.860930458054153469e-01 8.685305515705836754e-01 9.937719607422776935e-01 8.630324345447438761e-01
1.000000000000000000e+00 1.165269092422316910e-01 9.505171846447899586e-01 9.861227702800353656e-01 8.685305515705836754e-01 9.938010297703183671e-01 8.633931523732226720e-01
5.000000000000000000e-01 1.201609823113275188e-01 2.919987957796276179e-01 4.008109656661818510e-01 1.260751309631225614e-01 6.253438320972940501e-01 1.566717768359034701e-01
1.000000000000000000e+00 1.178465765606562660e-01 9.506586105257261998e-01 9.858562749903395650e-01 8.674529863486766246e-01 9.939209395109863676e-01 8.627769260829049047e-01
1.000000000000000000e+00 1.173762847517144520e-01 9.507022985206292631e-01 9.861483948271213551e-01 8.685305515705836754e-01 9.937501589712470773e-01 8.622057895211470147e-01
1.000000000000000000e+00 1.636558490049765668e-01 3.501321141768943823e-01 6.801093040680505908e-01 9.547357693231461884e-01 8.039475740079286004e-01 7.850873237743107858e-01
1.000000000000000000e+00 9.926862498076081953e-02 9.416762467531557546e-01 9.861606946097227766e-01 8.879267255649102575e-01 9.963772723804265041e-01 8.621757297021070965e-01
1.000000000000000000e+00 1.202721421934409979e-01 9.513377348054694593e-01 9.863697909139456099e-01 8.652978559048625229e-01 9.933177571791416138e-01 8.595304656265968513e-01
1.000000000000000000e+00 9.402700900110021187e-02 6.237007372349140377e-01 8.766639299650378359e-01 9.924570434466507551e-01 8.478636081204330432e-01 8.584032224126010302e-01
1.000000000000000000e+00 1.211699720105117589e-01 9.538864812260643422e-01 9.852084864400021402e-01 8.599100297953273797e-01 9.941970952773732106e-01 8.727868458231881066e-01
1.000000000000000000e+00 9.207743568403235768e-02 9.003017552212054797e-01 9.231612081256462821e-01 9.137882908906789226e-01 9.053294429284139966e-01 9.475456157753929798e-01
1.000000000000000000e+00 5.943918414347034579e-02 2.295658505506507630e-01 5.837220577126298604e-01 5.430993631979019742e-01 6.493366811163960861e-01 8.550515525896532076e-02
1.000000000000000000e+00 1.222929718451970793e-01 9.515259292450517492e-01 9.853376341573162334e-01 8.642202906829554721e-01 9.934703695763552611e-01 8.583431027745211939e-01
1.000000000000000000e+00 1.248154460931577142e-01 9.518177426469043301e-01 9.855057311862013281e-01 8.642202906829554721e-01 9.933686279782129036e-01 8.558631677037302765e-01
1.000000000000000000e+00 1.250520171243223733e-01 9.520622273876119257e-01 9.852013115668180054e-01 8.642202906829554721e-01 9.934485678053247559e-01 8.556677788799710305e-01
1.000000000000000000e+00 1.157772926013122677e-01 9.690599379686483106e-01 9.823231624381039140e-01 8.405138558010009087e-01 9.989062778199682135e-01 9.356268975260767506e-01
1.000000000000000000e+00 1.201780838316526129e-01 9.658169445008435439e-01 9.794060639978188210e-01 8.448241166886290010e-01 9.977071804132889854e-01 9.530916523882524416e-01
1.000000000000000000e+00 1.355152973099308378e-01 9.765504687357786651e-01 9.720395192014981145e-01 7.284470727226697306e-01 9.944478156442242422e-01 9.545796134307271696e-01
1.000000000000000000e+00 1.031848731352217191e-01 9.428157752868775443e-01 9.829976005174108078e-01 8.846940298991892160e-01 9.953562227704964016e-01 8.585234616887605918e-01
1.000000000000000000e+00 1.279079710186235841e-01 9.525360741015606036e-01 9.852843350993771843e-01 8.631427254610485322e-01 9.933468262071822874e-01 8.527369465235817847e-01
1.000000000000000000e+00 1.282414506649640906e-01 9.553052208554164704e-01 9.839856830530520071e-01 8.480568123543501535e-01 9.947130705250957217e-01 8.850362220819428805e-01
1.000000000000000000e+00 1.286433363926052786e-01 9.525932045564337036e-01 9.852248861501372579e-01 8.620651602391414814e-01 9.933468262071822874e-01 8.522409595094236900e-01
1.000000000000000000e+00 1.291763337760727381e-01 9.507107000581105360e-01 9.969886032264380082e-01 8.652978559048625229e-01 9.915663482396888107e-01 8.708780473141550793e-01
5.000000000000000000e-01 2.785552635629307550e-01 4.715511338574959188e-01 5.601259497738377835e-01 1.099116526345169792e-01 3.969048752393652957e-01 1.253644753058586470e-01
1.000000000000000000e+00 1.303591889318960750e-01 9.531054182915473794e-01 9.849122666756864319e-01 8.631427254610485322e-01 9.934849040903755979e-01 8.513692247572668403e-01
1.000000000000000000e+00 1.064256112368389545e-01 9.418367161190497328e-01 9.772843514990872116e-01 8.480568123543501535e-01 9.979542671516350438e-01 8.284937024679110973e-01
1.000000000000000000e+00 1.315477445944945034e-01 9.535537803418024927e-01 9.843669763136936313e-01 8.609875950172344305e-01 9.934849040903755979e-01 8.471458201821624456e-01
1.000000000000000000e+00 1.340531173221299610e-01 9.518664715642962681e-01 9.848876671104837000e-01 8.631427254610485322e-01 9.935357748894468877e-01 8.493702467911142806e-01
0.000000000000000000e+00 2.723217594044110568e-01 3.420204297386422176e-01 3.494081242114045471e-01 6.853444638463884742e-01 7.603767346034077113e-01 4.892686446027593727e-01
5.000000000000000000e-01 1.619570979860109616e-01 2.572797221891605646e-01 3.371575407404673874e-01 1.309241744617042069e-01 5.548514390985694877e-01 1.107103135239125291e-01
1.000000000000000000e+00 1.067106365755916136e-01 8.930215429423584705e-01 8.920140586515133974e-01 9.019350734497016964e-01 9.391730588248119460e-01 7.161751886253644450e-01
1.000000000000000000e+00 1.257503292042662646e-01 7.063777471277242759e-01 8.564031130749764076e-01 8.609875950172344305e-01 9.183305657196220162e-01 8.712688249616736824e-01
1.000000000000000000e+00 1.057814539712580298e-01 8.966174009843800308e-01 9.139783954318607684e-01 9.008575082277946455e-01 9.356121028898248815e-01 7.157393212492860757e-01
1.000000000000000000e+00 1.392918830484030368e-01 9.542933956914114724e-01 9.853776084507706035e-01 8.631427254610485322e-01 9.927945146744088234e-01 8.435837316259355845e-01
1.000000000000000000e+00 1.395683576269930448e-01 9.519905342677710269e-01 9.853970831065560487e-01 8.631427254610485322e-01 9.930161660132191814e-01 8.457480385968075831e-01
1.000000000000000000e+00 1.394600479982670838e-01 9.543110389201223676e-01 9.855375056245879728e-01 8.642202906829554721e-01 9.927363766183273652e-01 8.431478642498571041e-01
5.000000000000000000e-01 1.175501502083535627e-01 2.483519684102190317e-01 4.374407432348633162e-01 2.861000577730750116e-01 6.743324116029025816e-01 2.021673129527760682e-01
1.000000000000000000e+00 1.336027772869008423e-01 3.692598945607046268e-01 4.014392795607337194e-01 2.068990139629083014e-01 3.349733109986300916e-01 6.147232993657476482e-03
0.000000000000000000e+00 2.388426831145288864e-01 2.453688625018378422e-01 3.066592047985552405e-01 6.691809855177830446e-01 7.510056066887834669e-01 4.178465145639823630e-01
1.000000000000000000e+00 1.412300553519207913e-01 9.543342831738208520e-01 9.855457054796555871e-01 8.642202906829554721e-01 9.927073075902866917e-01 8.420055911263413240e-01
1.000000000000000000e+00 1.226350022517001676e-01 9.474397014653681559e-01 9.835449408431705676e-01 8.803837690115611236e-01 9.943751430741224473e-01 8.452821114016892956e-01
1.000000000000000000e+00 1.408937254521926696e-01 9.519852132940327394e-01 9.852453857878061827e-01 8.631427254610485322e-01 9.930125323847139862e-01 8.453572609492889800e-01
1.000000000000000000e+00 1.377812487530141738e-01 9.519168807891844608e-01 9.860694712220960945e-01 8.674529863486766246e-01 9.926782385622459071e-01 8.362040460516426688e-01
1.000000000000000000e+00 1.389013983343119485e-01 3.345276585615167830e-01 5.251925172222580152e-01 5.064621456530629118e-01 4.666596416515568224e-01 7.411248384284732649e-02
5.000000000000000000e-01 2.212993735143054252e-01 3.893437699098934446e-01 3.338704238402586677e-01 1.163770439659593259e-01 1.633170667897255179e-01 1.237713048967445939e-01
5.000000000000000000e-01 1.758834360374637307e-01 3.319041384573376829e-01 3.440208194320165669e-01 1.535530441217517750e-01 1.147245527911717050e-01 9.144196951934356610e-02
1.000000000000000000e+00 1.443254305307741792e-01 9.891076867066673772e-01 9.655462589698726728e-01 7.586188989360665991e-01 9.972893131352037477e-01 9.443743048666846107e-01
1.000000000000000000e+00 1.443966868654623370e-01 9.521081557925100691e-01 9.855539053347232015e-01 8.642202906829554721e-01 9.928054155599240760e-01 8.424414585024196933e-01
5.000000000000000000e-01 2.075982054804672017e-01 4.401019386547738166e-01 4.734094074887226777e-01 7.774762903194396557e-01 8.152045551166939852e-01 6.715513872606486689e-01
5.000000000000000000e-01 2.060562183978155992e-01 2.848283635905370370e-01 5.286364563506339431e-01 6.562502028548986566e-01 7.619537293746162510e-01 2.799771545375297488e-01
1.000000000000000000e+00 1.456707501296865270e-01 9.521238386624751859e-01 9.856738282150863117e-01 8.631427254610485322e-01 9.928126828169342444e-01 8.426669071452189685e-01
1.000000000000000000e+00 1.504021707529799301e-01 9.541995785228696292e-01 9.881942586664780315e-01 8.685305515705836754e-01 9.925038243940016436e-01 8.369254817086000386e-01
5.000000000000000000e-01 1.198018503844991839e-01 3.347015703873808534e-01 4.336800847045028107e-01 1.228424352974014921e-01 3.740711537133867282e-01 1.181651486458052541e-01
1.000000000000000000e+00 1.274661817435570055e-01 8.615023349272916686e-01 9.239986183244210949e-01 9.773646389831938119e-01 8.624380920543446294e-01 8.427721165118585711e-01
1.000000000000000000e+00 2.114146947663647358e-01 6.453419775818974857e-01 6.607658459636726045e-01 1.767271877495115162e-01 6.574796425963003177e-01 1.639913427721165495e-01
1.000000000000000000e+00 1.590213369968589974e-01 9.851004333793084156e-01 9.818188713514488519e-01 7.564637684922524974e-01 9.987936353363104924e-01 1.000000000000000000e+00
1.000000000000000000e+00 1.508382595212714727e-01 1.000000000000000000e+00 9.878057905326522725e-01 7.510759423827173542e-01 9.990734247312023086e-01 9.805512970811914863e-01
1.000000000000000000e+00 1.410618904020567166e-01 9.789009388718135085e-01 9.733750705956272231e-01 8.146522904752322436e-01 9.977108140417941806e-01 9.050260017434694770e-01
0.000000000000000000e+00 2.472281285806308126e-01 2.593501410758168313e-01 3.311203974469750788e-01 6.821117681806674327e-01 7.540069838339867880e-01 4.089488081281749676e-01
5.000000000000000000e-01 3.871670191480022782e-01 4.421073856515742584e-01 5.036043487931350926e-01 1.147606961330987912e-01 3.379347182302775976e-01 1.043075720684161628e-01
5.000000000000000000e-01 1.906990531458246929e-01 3.514830814038968909e-01 5.237308930564652520e-01 6.546338550220380803e-01 8.095760645623113483e-01 7.457841103796554183e-01
1.000000000000000000e+00 1.531583657787177200e-01 9.521907709110767337e-01 9.867654339209553926e-01 8.739183776801188186e-01 9.924384190809100170e-01 8.295457961343072339e-01
1.000000000000000000e+00 1.328902139400193194e-01 9.478440954694709042e-01 9.816046501378087319e-01 8.803837690115611236e-01 9.943787767026276425e-01 8.370607508942795594e-01
1.000000000000000000e+00 1.473124960809015782e-01 9.508398036840741696e-01 9.855877297368769163e-01 8.782286385677470220e-01 9.930088987562090130e-01 8.314996843719000275e-01
1.000000000000000000e+00 1.463719124630179502e-01 3.864827663462413465e-01 4.162738423598363324e-01 4.719800585520378400e-01 3.589806945317524645e-01 1.294977004238433982e-01
0.000000000000000000e+00 3.422441755072025971e-01 4.070348873843913085e-01 1.555092263744237702e-01 5.786655068775924393e-01 6.813998190453004478e-01 5.936663961282953039e-01
1.000000000000000000e+00 1.560770252475445485e-01 9.531465858252060608e-01 9.859300736859475389e-01 8.609875950172344305e-01 9.926891394477612707e-01 8.403523010791473791e-01
1.000000000000000000e+00 1.574622483938822315e-01 9.532745692461720433e-01 9.860438466750099940e-01 8.609875950172344305e-01 9.927073075902866917e-01 8.403823608981872972e-01
1.000000000000000000e+00 1.550737360551353028e-01 9.525909641464387345e-01 9.977634895303225671e-01 8.728408124582117678e-01 9.902691428633720871e-01 8.575465175699641396e-01
1.000000000000000000e+00 1.588417710334449062e-01 9.549607578186808388e-01 9.854678068565138060e-01 8.599100297953273797e-01 9.920859571159165169e-01 8.354826103946854099e-01
5.000000000000000000e-01 2.000735365373981500e-01 3.222476913275129085e-01 3.756794348659887595e-01 1.244587831302620268e-01 2.124727932065681446e-01 6.859650704902753304e-02
1.000000000000000000e+00 1.613471437610803916e-01 9.534440002520460089e-01 9.874080975618756417e-01 8.739183776801188186e-01 9.920677889733909849e-01 8.292451979439082743e-01
1.000000000000000000e+00 1.611333747570159458e-01 9.534806869657146411e-01 9.847882438677896255e-01 8.609875950172344305e-01 9.931179076113616500e-01 8.411037965551446671e-01
5.000000000000000000e-01 1.787308391716023459e-01 3.032081270872569734e-01 4.488682662533939327e-01 1.228424352974014921e-01 2.945564611365263374e-01 9.081071331950589520e-02
1.000000000000000000e+00 1.596711947692149858e-01 9.964626726690983816e-01 9.902862466905897332e-01 7.898682903713704073e-01 9.944441820157190470e-01 9.384374906063064348e-01
5.000000000000000000e-01 2.254806952338062886e-01 4.075986305493906059e-01 3.607515987154927273e-01 1.131443483002380623e-01 1.176568909947784541e-01 1.128746204947846526e-01
1.000000000000000000e+00 1.631770064358721850e-01 9.550274100160329738e-01 9.851838868747995193e-01 8.599100297953273797e-01 9.922167677420996590e-01 8.346259055520485193e-01
1.000000000000000000e+00 1.649584148030759922e-01 9.549377936162317670e-01 9.854083579072739907e-01 8.599100297953273797e-01 9.920932243729266853e-01 8.336038717046923008e-01
1.000000000000000000e+00 1.378867081283526586e-01 9.480532937527567094e-01 9.808174640513228626e-01 8.803837690115611236e-01 9.957559219060561073e-01 8.262692758589592623e-01
5.000000000000000000e-01 2.313693187324353528e-01 2.378245618948267581e-01 2.807907120241650012e-01 1.066789569687958961e-01 1.950967816952330069e-01 1.057504433823308332e-01
1.000000000000000000e+00 1.662096760401999551e-01 9.552192451218572966e-01 9.860612713670285912e-01 8.599100297953273797e-01 9.918352367490652632e-01 8.321760303002975201e-01
1.000000000000000000e+00 1.482844324860480290e-01 9.512730429668628807e-01 9.738404123707112836e-01 8.512895080200711950e-01 9.952217785158082863e-01 8.021462710794480255e-01
5.000000000000000000e-01 2.206438152351744009e-01 3.760343342831738433e-01 2.519210722950472325e-01 1.244587831302620268e-01 4.499885540702092124e-02 3.407280488171468558e-02
1.000000000000000000e+00 1.702285333166118908e-01 9.549954841736038036e-01 9.854370574000104188e-01 8.609875950172344305e-01 9.920241854313298635e-01 8.322361499383773564e-01
1.000000000000000000e+00 1.699834115252846223e-01 9.551307489270536299e-01 9.861842691930420290e-01 8.620651602391414814e-01 9.917298615224177105e-01 8.305678299816634524e-01
5.000000000000000000e-01 2.966543725737217918e-01 3.365798741169633845e-01 3.525630184486489016e-01 1.276914787959831099e-01 1.597016064271620794e-01 6.264466287912953679e-02
0.000000000000000000e+00 2.127799661389898067e-01 4.065674818491784581e-01 2.610874852786976286e-01 6.400867245262932270e-01 7.211444476339629039e-01 5.954549553611686585e-01
1.000000000000000000e+00 1.525968658613751361e-01 9.548476171139318458e-01 9.785614789258599844e-01 8.491343775762570933e-01 9.946621997260244319e-01 7.962846063666696450e-01
5.000000000000000000e-01 1.794148999846086889e-01 3.365717526307313578e-01 3.692097492176825146e-01 1.260751309631225614e-01 6.264666233053666211e-01 1.573631526738209774e-01
1.000000000000000000e+00 1.517759928857675689e-01 9.528500115521140179e-01 9.700797538403509446e-01 8.329708992476517748e-01 9.952871838288996909e-01 7.819160128656024167e-01
1.000000000000000000e+00 1.755813091783859636e-01 9.557583437769111567e-01 9.864938137218425274e-01 8.631427254610485322e-01 9.915445464686583055e-01 8.278624462680733709e-01
1.000000000000000000e+00 2.065122589398197817e-01 5.336950661971140430e-01 6.623217684627423774e-01 5.754263198551128333e-01 7.699077421722558823e-01 3.000721435656956149e-01
1.000000000000000000e+00 1.561739338627203821e-01 9.602836919156204631e-01 9.759160006846877566e-01 8.351260296914657655e-01 9.939427412820168728e-01 7.880933056782997159e-01
1.000000000000000000e+00 1.856826071837786307e-01 3.151321491833006250e-01 2.953413548415532164e-01 9.051547864019049427e-02 4.853946302237952537e-01 1.719421649081681602e-02
1.000000000000000000e+00 1.274034761690314432e-01 8.908029769447808333e-01 9.393292723551111001e-01 9.062453343373297887e-01 9.245913076338901915e-01 8.102323624011782410e-01
1.000000000000000000e+00 1.779299179697075017e-01 9.559966673901324485e-01 9.872133510040209670e-01 8.620651602391414814e-01 9.912792915877868261e-01 8.257131692067212203e-01
1.000000000000000000e+00 1.723605228504814513e-01 9.528855780607851100e-01 9.848200183061764923e-01 8.717632472363047169e-01 9.931106403543515926e-01 8.298914840532658488e-01
5.000000000000000000e-01 2.048619622284421349e-01 2.611346276368575747e-01 5.333964722173535344e-01 6.869608116792490504e-01 7.845076615057029468e-01 2.986142423422610270e-01
1.000000000000000000e+00 1.645764808491474995e-01 9.518440674643459110e-01 9.793712146137816266e-01 8.782286385677470220e-01 9.949129200928756855e-01 8.175519283373914314e-01
5.000000000000000000e-01 2.470058088164037990e-01 4.468080458723946435e-01 3.635139248913775711e-01 1.293078266288436584e-01 9.308266141486228051e-02 7.339104818588988721e-02
1.000000000000000000e+00 1.623361816865519225e-01 4.322042133710468637e-01 6.634143991504949378e-01 9.267190735535634216e-01 8.109895460507908771e-01 6.284005170288874398e-01
1.000000000000000000e+00 1.736801901689060401e-01 4.263699056927416908e-01 6.328812138245456520e-01 9.331844648850056156e-01 7.978249099768538466e-01 5.989418943697957243e-01
0.000000000000000000e+00 3.811814870341974082e-01 4.204899496607879539e-01 1.874117874966559905e-01 6.077597678690822569e-01 6.851860599476031766e-01 5.567829981663511285e-01
1.000000000000000000e+00 1.883076905536902323e-01 9.669763566732710869e-01 9.863226417473071050e-01 8.512895080200711950e-01 9.928017819314191028e-01 8.547810142182943327e-01
5.000000000000000000e-01 3.608534798743608385e-01 3.914942834538721050e-01 3.306058565414855543e-01 1.260751309631225614e-01 5.611775863259297475e-02 6.718369555415278083e-02
1.000000000000000000e+00 1.808400266783717625e-01 9.557642248531481588e-01 9.872461504242913133e-01 8.652978559048625229e-01 9.912393216742306778e-01 8.248564643640845517e-01
0.000000000000000000e+00 3.644048955952184921e-01 3.451396405542214718e-01 3.084570230221180265e-01 6.821117681806674327e-01 7.631528267812957012e-01 6.850482460095589365e-01
1.000000000000000000e+00 1.894107386146628436e-01 9.730086605848871084e-01 9.855190559506860071e-01 8.448241166886290010e-01 9.940517501371695097e-01 8.620855502449874530e-01
0.000000000000000000e+00 2.480461513028508480e-01 3.668934615034551983e-01 3.245676882661098772e-01 6.724136811835040861e-01 7.577568884512385639e-01 3.542249075660564572e-01
1.000000000000000000e+00 1.635589403898006777e-01 8.029265355560066819e-01 8.722800824495426930e-01 8.803837690115611236e-01 9.008237435821037087e-01 6.688760633660985055e-01
1.000000000000000000e+00 5.224571464403185983e-01 3.350667572165706432e-01 4.977189028183927055e-01 5.430993631979019742e-01 6.959997383787476233e-01 1.453542549673850492e-01
0.000000000000000000e+00 4.531304332955201075e-01 4.034692748773026083e-01 1.723527536650790448e-01 6.012943765376400629e-01 6.688020290181573291e-01 5.464424204166290489e-01
1.000000000000000000e+00 1.556181344521527787e-01 9.593514013064390333e-01 9.696379866485859145e-01 8.038766382561618462e-01 9.914864084125767363e-01 7.590254606667267145e-01
1.000000000000000000e+00 1.229827331649783889e-01 9.016165958370382372e-01 9.358351091144463396e-01 8.954696821182595023e-01 9.228108296663967147e-01 8.100219436678990359e-01
5.000000000000000000e-01 1.914515200401315509e-01 3.000396272517870666e-01 3.641401888221625915e-01 1.422386092917279909e-01 5.868855079994332868e-01 1.519824450656808434e-01
1.000000000000000000e+00 3.068012746333149132e-01 6.904699960092696154e-01 7.181658564184878468e-01 5.172377978721331981e-01 7.642756179893680502e-01 3.336339315237323300e-01
1.000000000000000000e+00 1.872359952799804439e-01 9.558546814066973818e-01 9.879974621448566197e-01 8.674529863486766246e-01 9.912138862746950885e-01 8.188445005561065804e-01
5.000000000000000000e-01 2.548782086727510721e-01 3.340848975362490925e-01 5.053273433392064806e-01 7.322185509993442976e-01 7.452899090502784762e-01 3.691796675384013682e-01
0.000000000000000000e+00 4.919280824065259128e-01 4.058564317270060839e-01 9.438955666458603844e-02 5.334012762007386277e-01 6.447401410574586933e-01 4.715634111882645585e-01
1.000000000000000000e+00 1.914429692799689553e-01 9.553195034691347454e-01 9.879164885760643999e-01 8.685305515705836754e-01 9.913664986719088468e-01 8.162142663901161832e-01
1.000000000000000000e+00 2.048334596945668440e-01 5.784497763090645783e-01 8.002628053549154519e-01 8.599100297953273797e-01 9.260011554938647471e-01 7.886343824210177988e-01
1.000000000000000000e+00 1.917650479127594176e-01 9.552413691705581300e-01 9.879257134130153828e-01 8.674529863486766246e-01 9.913664986719088468e-01 8.158836083806775274e-01
1.000000000000000000e+00 1.927996898924314306e-01 9.550626964734545421e-01 9.874962460038517742e-01 8.685305515705836754e-01 9.916135854102549052e-01 8.161541467520364579e-01
1.000000000000000000e+00 2.026672671200470122e-01 9.651008534561824614e-01 9.473866549408739290e-01 6.810342029587603818e-01 9.927545447608527862e-01 9.344545645835211634e-01
1.000000000000000000e+00 1.930875654845716216e-01 9.550766990359236264e-01 9.870780533954062186e-01 8.696081167924906152e-01 9.912720243307766577e-01 8.147413352571617473e-01
1.000000000000000000e+00 1.959805726729106357e-01 9.576187242265333799e-01 9.875526200074413730e-01 8.588324645734203289e-01 9.905452986297587081e-01 8.242402380737666734e-01
5.000000000000000000e-01 1.971206740279211334e-01 3.104611743949142189e-01 3.182251003713509330e-01 1.309241744617042069e-01 5.142093042691501248e-01 1.132203084137433091e-01
1.000000000000000000e+00 1.715339493680988203e-01 9.620622974004242600e-01 9.775826212271698790e-01 8.275830731381166316e-01 9.928235837024493859e-01 7.801725433612889393e-01
1.000000000000000000e+00 1.954817783300935308e-01 9.549316324887453522e-01 9.872307756960394531e-01 8.663754211267695737e-01 9.913992013284546045e-01 8.136742116812456516e-01
1.000000000000000000e+00 2.419608603204825292e-01 9.745721867101678759e-01 9.722404156506534445e-01 8.071093339218829987e-01 9.923621128823031379e-01 8.373914089037183262e-01
0.000000000000000000e+00 3.790010431927398615e-01 3.389068199480504973e-01 3.530509098251688460e-01 6.400867245262932270e-01 7.687958518496985638e-01 6.176090419935671427e-01
0.000000000000000000e+00 5.452705745540780136e-01 4.004508825114995729e-01 5.794325085304128514e-02 5.398666675321808217e-01 6.423528471296151565e-01 4.576908047013557579e-01
1.000000000000000000e+00 1.471443311310375313e-01 9.083697516645545811e-01 9.306917500233182761e-01 9.234863778878423801e-01 9.167681054624338133e-01 7.886794721495775651e-01
1.000000000000000000e+00 1.974085496200612411e-01 9.548750621363709667e-01 9.871262275439280920e-01 8.685305515705836754e-01 9.913047269873223044e-01 8.132834340337270485e-01
5.000000000000000000e-01 2.382697821836360919e-01 3.498615846699946186e-01 5.091372009999722836e-01 8.001051599794871683e-01 8.308000886605356738e-01 5.631406498932876037e-01
1.000000000000000000e+00 2.005979831607030139e-01 9.557611442894049514e-01 9.842388535782630177e-01 8.706856820143976661e-01 9.916244862957700468e-01 8.022214206270478210e-01
1.000000000000000000e+00 2.020316606146286831e-01 9.548302539364702524e-01 9.863667159682952823e-01 8.663754211267695737e-01 9.910903429055222258e-01 8.103526016773379137e-01
1.000000000000000000e+00 1.883418935943405870e-01 9.552489305542913867e-01 9.620633705299258542e-01 8.232728122504884283e-01 9.913119942443325838e-01 7.475726696125288839e-01
1.000000000000000000e+00 2.034197340143538979e-01 9.547918869153054766e-01 9.860510215481941287e-01 8.642202906829554721e-01 9.915917836392244000e-01 8.126371479243694740e-01
0.000000000000000000e+00 3.248604800966806150e-01 3.961736597797396731e-01 3.068355016825077275e-01 6.659482898520618921e-01 7.488617658707809044e-01 3.459734872396067473e-01
1.000000000000000000e+00 1.594944790591883432e-01 8.000806547598210416e-01 8.591603143414439092e-01 8.275830731381166316e-01 9.160450133899210590e-01 7.444464484323803921e-01
1.000000000000000000e+00 2.048220586810167443e-01 9.548425761914429710e-01 9.862426931603983649e-01 8.631427254610485322e-01 9.906724756274368771e-01 8.076472179637478321e-01
1.000000000000000000e+00 2.347468689966538125e-01 9.210664351576338671e-01 8.872017687087380144e-01 7.931009860370915598e-01 9.627662087083540543e-01 7.844710974839931295e-01
1.000000000000000000e+00 2.063440939899557069e-01 9.548039291190287825e-01 9.859895226351873543e-01 8.631427254610485322e-01 9.905780012863046879e-01 8.059788980070339282e-01
0.000000000000000000e+00 2.694088004423593752e-01 3.262594254748619749e-01 2.809834086182526613e-01 7.370675944979259153e-01 7.334733491517294590e-01 3.963387140409415088e-01
0.000000000000000000e+00 5.352291318698233491e-01 4.310952104235075688e-01 1.512770761776786599e-01 5.948289852061979799e-01 6.481702863662626157e-01 4.745844230017735588e-01
0.000000000000000000e+00 3.807054947184804750e-01 2.602675889687812716e-01 3.872197058916982959e-01 6.303886375291298805e-01 7.419942079961628911e-01 4.842185950040581721e-01
1.000000000000000000e+00 2.086385479669142784e-01 9.544401425460858901e-01 9.877258419457435323e-01 8.609875950172344305e-01 9.902727764918770603e-01 8.096762557489403100e-01
0.000000000000000000e+00 3.502476870193760305e-01 4.167089777429269226e-01 2.002681352607092458e-01 6.239232461976877975e-01 6.954437932174690751e-01 5.998436889409924921e-01
1.000000000000000000e+00 2.120417505116204970e-01 9.550926619571381559e-01 9.826306570031374532e-01 8.696081167924906152e-01 9.911521145901086571e-01 7.972164607569062200e-01
0.000000000000000000e+00 2.067887335184097619e-01 3.527626355623078580e-01 2.453683631141820032e-01 6.206905505319665339e-01 7.389564945659086170e-01 4.718339495596236555e-01
1.000000000000000000e+00 2.090518347081055661e-01 9.587730954764721591e-01 9.771131795245519003e-01 8.415914210229079595e-01 9.917843659499941955e-01 7.725373493251569412e-01
0.000000000000000000e+00 4.609372773239541754e-01 4.037249616679852160e-01 1.735530074505931830e-01 6.109924635348032984e-01 6.723811530956698146e-01 6.211711305497941149e-01
0.000000000000000000e+00 3.641597738038911403e-01 3.769467412536494644e-01 3.175035131254054788e-01 6.821117681806674327e-01 7.356898625398337055e-01 3.393152373222712570e-01
1.000000000000000000e+00 2.142164938463029800e-01 9.552394088118124627e-01 9.855692800629749506e-01 8.620651602391414814e-01 9.900983623236327968e-01 8.041302191360807372e-01
1.000000000000000000e+00 1.593690679101372187e-01 9.084134396594576444e-01 9.260629318376797370e-01 8.491343775762570933e-01 9.183378329766321846e-01 7.845011573030330476e-01
1.000000000000000000e+00 2.076039059872422654e-01 9.602951740168450545e-01 9.702990999634081293e-01 8.017215078123477445e-01 9.858942541432449413e-01 7.350226951633750394e-01
1.000000000000000000e+00 1.569663043044526585e-01 9.157645049043975360e-01 8.988845122162465451e-01 8.502119427981641442e-01 9.379921295606580278e-01 7.141611807496918152e-01
0.000000000000000000e+00 4.752712016098232239e-01 2.145447416877289126e-01 4.439299035389559361e-02 5.334012762007386277e-01 6.430977409731584160e-01 4.354765984308773819e-01
1.000000000000000000e+00 1.337509904630521940e-01 2.951636549488556027e-01 9.674496503274304660e-02 0.000000000000000000e+00 5.264255633032590698e-01 1.153695854750954597e-01
5.000000000000000000e-01 1.865889877610119874e-01 3.167950935021109360e-01 3.418960319876346854e-01 1.503203484560307057e-01 3.065874051168757108e-01 1.997024077915051654e-01
1.000000000000000000e+00 2.273989157636114034e-01 9.755988545903899745e-01 9.788197743604881707e-01 7.737048120427649778e-01 9.870969851784294757e-01 7.791805693329726390e-01
1.000000000000000000e+00 2.796953649179412249e-01 7.961711393184951469e-01 8.388287737014248346e-01 4.816781455492011865e-01 7.442797603258638484e-01 2.503832626927586791e-01
1.000000000000000000e+00 3.205993512823290259e-01 9.071310849885528826e-01 8.622096354446935340e-01 7.176714205035994443e-01 9.818790946451217971e-01 7.418462740854300241e-01
0.000000000000000000e+00 1.000000000000000000e+00 3.847643718800540236e-01 4.093470147915147239e-02 4.558165802234324659e-01 6.120738207967094668e-01 1.140018637087805847e-01
0.000000000000000000e+00 5.199859767533334676e-01 4.247733335200341576e-01 1.571143480038989237e-01 5.980616808719190214e-01 6.558808460540611618e-01 5.293534132924518909e-01
5.000000000000000000e-01 2.341511660386608740e-01 4.444309708676688619e-01 3.559065093524471646e-01 1.260751309631225614e-01 4.259557351375510281e-01 7.405236420476749015e-02
1.000000000000000000e+00 1.450123415971679708e-01 8.846020821810390844e-01 9.052957738971962875e-01 8.836164646772821651e-01 9.152855850323574627e-01 7.277782787747617554e-01
1.000000000000000000e+00 2.342224223733490318e-01 9.535380974718373759e-01 9.846437214222237833e-01 8.652978559048625229e-01 9.892589941389573482e-01 7.744010581056300913e-01
1.000000000000000000e+00 2.343193309885248654e-01 9.535378174205879631e-01 9.846590961504756434e-01 8.652978559048625229e-01 9.892480932534419846e-01 7.741906393723508861e-01
1.000000000000000000e+00 2.980053926794091756e-01 4.159774838795500251e-01 4.016863001946440748e-01 2.413811010639333454e-01 5.144418564934758464e-01 1.042624823398562856e-01
1.000000000000000000e+00 2.342480746538367076e-01 3.462024350456133215e-01 5.736044615411423075e-01 5.021518847654347084e-01 5.861042778708390744e-01 6.922776324886521782e-02
0.000000000000000000e+00 4.355130171072209566e-01 3.598571738628169592e-01 2.842910251561303614e-01 6.530175071891776151e-01 7.421867903069326866e-01 3.886283704572098818e-01
1.000000000000000000e+00 2.819898188948997686e-01 6.414761501354747653e-01 8.027125120563493033e-01 6.282335070853158898e-01 7.842678420243671678e-01 3.860883157483391837e-01
1.000000000000000000e+00 2.394839901267222793e-01 9.533286191373020468e-01 9.830642243398347579e-01 8.652978559048625229e-01 9.894370419357065849e-01 7.666305948838187945e-01
0.000000000000000000e+00 4.718651488117294734e-01 3.458327673964335935e-01 1.182808593858104690e-01 5.657282328579495978e-01 6.478977642283808569e-01 5.788018156130699809e-01
0.000000000000000000e+00 3.183419505994082854e-01 4.175457708760703102e-01 2.389519765238149462e-01 6.530175071891776151e-01 7.137318454835814840e-01 3.981122433642948488e-01
5.000000000000000000e-01 4.099319929541735963e-01 3.402124188726537435e-01 2.791753405758553575e-01 1.131443483002380623e-01 7.270163912981875143e-02 1.078997204436829838e-01
1.000000000000000000e+00 2.411998426660129924e-01 9.532950129873766221e-01 9.826593564958739924e-01 8.652978559048625229e-01 9.893643693656049010e-01 7.644211981843868076e-01
1.000000000000000000e+00 2.280601745495174915e-01 9.648558086129760403e-01 9.776902443249315677e-01 8.157298556971392944e-01 9.886340100360820893e-01 7.583791745573691401e-01
1.000000000000000000e+00 2.101263802352029142e-01 8.901224524087907319e-01 9.452772422247436301e-01 8.351260296914657655e-01 9.580279571377182668e-01 7.367361048486488206e-01
1.000000000000000000e+00 2.522559755562269745e-01 3.031815222185660352e-01 4.938618959909882866e-01 5.053845804311558609e-01 5.161387610053523867e-01 6.225388523161099613e-02
1.000000000000000000e+00 1.789389076688918112e-01 6.299638033760177613e-01 8.560515442889546911e-01 8.329708992476517748e-01 9.235956934234959004e-01 7.223975711666215105e-01
1.000000000000000000e+00 2.522702268231646339e-01 9.729646925387345213e-01 9.500321331820459347e-01 7.403002901636470678e-01 9.826712256592311512e-01 7.759641686957043927e-01
5.000000000000000000e-01 5.104148258780206726e-01 3.748264732446038305e-01 2.989872154009677319e-01 1.099116526345169792e-01 1.238776629954907171e-01 1.258604623200169081e-01
5.000000000000000000e-01 3.395791885898656881e-01 4.158825465060105864e-01 2.760306961574453544e-01 1.147606961330987912e-01 2.240858699088314754e-02 2.754982415005863272e-02
1.000000000000000000e+00 2.414677664844404881e-01 9.532731689899250904e-01 9.790247707371771968e-01 8.642202906829554721e-01 9.890700454566927480e-01 7.611146180899990288e-01
1.000000000000000000e+00 2.181669450414142342e-01 9.555413040586426821e-01 9.551160433239342940e-01 8.502119427981641442e-01 9.756946589294603900e-01 6.736255147744010241e-01
1.000000000000000000e+00 1.943587784954082798e-01 9.153371466978457160e-01 8.939194999728379276e-01 7.952561164809055505e-01 9.377014392802509590e-01 6.485105359665734870e-01
1.000000000000000000e+00 2.303546285264760629e-01 9.521308399437096170e-01 9.647180736080490648e-01 7.974112469247196522e-01 9.864283975334929844e-01 7.207142213003876474e-01
1.000000000000000000e+00 2.374289574343159126e-01 9.576988188838556626e-01 9.587168046804772636e-01 7.995663773685336428e-01 9.869189373816800170e-01 7.101782547269064327e-01
1.000000000000000000e+00 2.413138528015140727e-01 9.621723575414299345e-01 9.614668310737607415e-01 7.931009860370915598e-01 9.872495975756431230e-01 7.146571677638500208e-01
0.000000000000000000e+00 4.385456867115486435e-01 3.629413782722237802e-01 2.837672594136897986e-01 6.594828985206198091e-01 7.516523925626892311e-01 4.312081041272132209e-01
1.000000000000000000e+00 2.258711799478973770e-01 9.556704076846062046e-01 9.809261121309680309e-01 8.124971600314182529e-01 9.839575301500325111e-01 7.351880241680943673e-01
0.000000000000000000e+00 2.701014120155281750e-01 2.830522785669777330e-01 2.518954477479610210e-01 6.497848115234564625e-01 7.357698023669456688e-01 5.575044338233082764e-01
1.000000000000000000e+00 2.339601990616965999e-01 7.099430795835637298e-01 7.399508213692322922e-01 4.719800585520378400e-01 7.237788283001522771e-01 3.736886403943849300e-01
0.000000000000000000e+00 4.840898855908291054e-01 4.022272475863083452e-01 1.639960763693501800e-01 6.077597678690822569e-01 6.731224133107079899e-01 4.740583761685753794e-01
1.000000000000000000e+00 2.430154540738672098e-01 9.564831164103030359e-01 9.638929631918755625e-01 8.114195948095110911e-01 9.886885144636583522e-01 7.166411158204826215e-01
1.000000000000000000e+00 3.482439588879451264e-01 4.959379966533875028e-01 5.600757256615489510e-01 5.474096240855300666e-01 7.195020475496626267e-01 2.664051462410196858e-01
1.000000000000000000e+00 1.724431801987197088e-01 8.972884037778913191e-01 9.232739561328253686e-01 8.609875950172344305e-01 9.373344428012369001e-01 6.766314966783899543e-01
0.000000000000000000e+00 4.526572912331907617e-01 3.216996310324788944e-01 3.153582260433546169e-01 5.980616808719190214e-01 7.281573506487845071e-01 4.476057354134727606e-01
1.000000000000000000e+00 2.495539353448521791e-01 9.533154567285813119e-01 9.779792892160630302e-01 8.566773341296063382e-01 9.892953304240080792e-01 7.565605555054557563e-01
0.000000000000000000e+00 3.804774744474784809e-01 5.289350351114254778e-01 3.554975415809524808e-01 5.883635938747556748e-01 6.943682391799628206e-01 4.653710884660474112e-01
0.000000000000000000e+00 4.727031233076620653e-01 3.764166042385755917e-01 1.413275770350758687e-01 5.754263198551128333e-01 6.547871238740293753e-01 5.925992725523792082e-01
0.000000000000000000e+00 3.383450288730667777e-01 3.865751832585362924e-01 3.731784790703824850e-01 6.756463768492251276e-01 7.456532719007874510e-01 4.060480355908256400e-01
0.000000000000000000e+00 3.503018418337390250e-01 4.459799343279820527e-01 2.263672489588746395e-01 6.368540288605720745e-01 7.040736609170551441e-01 3.482279736675986115e-01
1.000000000000000000e+00 2.537865616253284773e-01 9.528656944220791347e-01 9.771459789448221356e-01 8.545222036857922365e-01 9.887139498631939416e-01 7.492259596597228288e-01
5.000000000000000000e-01 4.265090666560257815e-01 3.506230440170551299e-01 2.715084760876851355e-01 1.228424352974014921e-01 1.721613185711126648e-02 6.474885021192181012e-02
5.000000000000000000e-01 6.140557395552465048e-01 4.178653093516113692e-01 3.825283638111696138e-01 1.018299134702142783e-01 1.679172404771681060e-01 2.093516097033095158e-01
1.000000000000000000e+00 2.696653232472367434e-01 9.611146039725269041e-01 9.690998711597772486e-01 8.168074209190463453e-01 9.863484577063811320e-01 7.397120269335978326e-01
1.000000000000000000e+00 2.527804221795317829e-01 9.532905321673865728e-01 9.756300307392066218e-01 8.491343775762570933e-01 9.885722383514955469e-01 7.443562689752607486e-01
0.000000000000000000e+00 3.897550492238759379e-01 3.610994812050604685e-01 3.347232087672850076e-01 6.562502028548986566e-01 7.512236243990886297e-01 4.077163555475395440e-01
1.000000000000000000e+00 2.551803355318288391e-01 9.525856431727005580e-01 9.765689141444423571e-01 8.534446384638852967e-01 9.886667126926278470e-01 7.471067424174105964e-01
1.000000000000000000e+00 2.585749873163724621e-01 9.568866702606576569e-01 9.725796846540737395e-01 8.221952470285814885e-01 9.877038011387792027e-01 7.322571918117052325e-01
5.000000000000000000e-01 2.158639403042930949e-01 3.701980662461231142e-01 3.262363587723587366e-01 1.244587831302620268e-01 3.959673990850522962e-01 9.566537409444808571e-02
0.000000000000000000e+00 3.612069112944141236e-01 1.643990450252396651e-01 2.412171864862288906e-01 6.562502028548986566e-01 7.616267028091582292e-01 6.023085941022633394e-01
0.000000000000000000e+00 3.464539997605787236e-01 5.286093355083980594e-01 4.538794026815576310e-01 6.336213331948510330e-01 7.541305272031598728e-01 6.952535545736013844e-01
0.000000000000000000e+00 2.890612975493521142e-01 0.000000000000000000e+00 2.105825279538183215e-01 6.368540288605720745e-01 7.326557827380845156e-01 4.580064328012744546e-01
5.000000000000000000e-01 5.420440877193982709e-01 2.350436529884969428e-01 2.688373732994269183e-01 1.082953048016564446e-01 1.183109441256938003e-02 1.118676165569483932e-01
1.000000000000000000e+00 1.673155743545600982e-01 8.383675812673719863e-01 8.884173972225040128e-01 8.340484644695587146e-01 9.245404368348189017e-01 6.990861815011873981e-01
1.000000000000000000e+00 2.629472760128375719e-01 9.519826928327883575e-01 9.776092707561393480e-01 8.394362905790938578e-01 9.869443727812157174e-01 7.267261851083656188e-01
0.000000000000000000e+00 3.716188869190472088e-01 3.641766843332329695e-01 2.729629253802939304e-01 6.562502028548986566e-01 7.493414048334527955e-01 3.617849520545887154e-01
0.000000000000000000e+00 5.459346835933714948e-01 4.021017846265866891e-01 1.596071039444378892e-01 5.851308982090346333e-01 6.539186866613131421e-01 4.940331259205818504e-01
0.000000000000000000e+00 4.205349355557708724e-01 4.185203492239080170e-01 1.702751153873356127e-01 5.915962895404767163e-01 6.674067156722032212e-01 5.748489494093245167e-01
5.000000000000000000e-01 3.075138379801964361e-01 4.726940230062101067e-01 4.720246569641882162e-01 6.918098551778306682e-01 7.970073435632089032e-01 4.407220368533381061e-01
1.000000000000000000e+00 1.971035725075959422e-01 4.998940006021101445e-01 7.162306906225431868e-01 7.887907251494634675e-01 9.179163320700418627e-01 6.085610364625604340e-01
0.000000000000000000e+00 5.275191964565650871e-01 2.914602572270726388e-01 2.327006120166826286e-01 5.883635938747556748e-01 7.213079609166918038e-01 3.947605735413471928e-01
0.000000000000000000e+00 4.694196314052319630e-01 4.683753526895421682e-01 3.911597362516617826e-01 5.915962895404767163e-01 6.880384583240979346e-01 4.332221120028857397e-01
0.000000000000000000e+00 4.374483391573512070e-01 5.525551175865184989e-02 1.940352204274789216e-01 6.562502028548986566e-01 7.494504136886053214e-01 3.740192984038236412e-01
1.000000000000000000e+00 2.681062346442598665e-01 9.431033879199892667e-01 9.748100452324505172e-01 8.286606383600235715e-01 9.850730541010948027e-01 7.113054979409022538e-01
1.000000000000000000e+00 1.882535357393272657e-01 5.020307916348691890e-01 7.043163012093761610e-01 7.683169859332299456e-01 9.120007848637572412e-01 5.395436919469743797e-01
0.000000000000000000e+00 4.122406981980698548e-01 4.467909627461825184e-01 2.048477543159423486e-01 6.142251592005244509e-01 6.903167433967886124e-01 3.782577328884481060e-01
0.000000000000000000e+00 7.165508513706869698e-01 3.840914087277972344e-01 1.625262523484898025e-01 4.590492758891535074e-01 5.980734501666019609e-01 2.472119517840502823e-01
0.000000000000000000e+00 3.215627369273129088e-01 4.453170530207028466e-01 2.468433120444596118e-01 6.239232461976877975e-01 7.042626095993198554e-01 2.797667358042504882e-01
0.000000000000000000e+00 4.030229787428102339e-01 3.966797123873669340e-01 2.201415089988283946e-01 6.239232461976877975e-01 7.039137812628313284e-01 5.530706105149245655e-01
0.000000000000000000e+00 8.471295098134224988e-01 3.644584158901078563e-01 1.289765453395612105e-01 4.752127542177589370e-01 6.047992965295214685e-01 1.532599873748759500e-01
5.000000000000000000e-01 3.746800590572501588e-01 2.939305892978414936e-01 5.518994451773064913e-01 6.934262030106912444e-01 7.893076847609254987e-01 4.434274205669281321e-01
1.000000000000000000e+00 2.695969171659360342e-01 4.225127598350498781e-01 6.033299611429366882e-01 7.446105510512751602e-01 8.527581057167877843e-01 5.235067784891934695e-01
0.000000000000000000e+00 4.794810258631993505e-01 2.167364227653660325e-01 1.107369927236536850e-01 5.430993631979019742e-01 6.320878466027390896e-01 3.770102503982926678e-01
1.000000000000000000e+00 2.718286655683690434e-01 9.497476038114974761e-01 9.747864706491312647e-01 8.017215078123477445e-01 9.835541973859677212e-01 6.913307481888958383e-01
0.000000000000000000e+00 7.158781915712307820e-01 3.153531096190602678e-01 0.000000000000000000e+00 4.590492758891535074e-01 6.052607673496677165e-01 1.837857336098836780e-01
0.000000000000000000e+00 5.298336022072361873e-01 3.054706611309869757e-01 3.330360885871341825e-01 5.818982025433134808e-01 6.951204002805161375e-01 4.147202933838338712e-01
0.000000000000000000e+00 3.354634226982778911e-01 4.475000525096092252e-01 2.395987400922689192e-01 6.206905505319665339e-01 7.005817439236647903e-01 2.832236149938376912e-01
0.000000000000000000e+00 4.107756679568813629e-01 4.342651105152243174e-01 2.310462912568020666e-01 6.239232461976877975e-01 6.950658958529397635e-01 4.158625665073495403e-01
0.000000000000000000e+00 2.757620152431551896e-01 1.585314112482583970e-01 2.222160723309215269e-01 6.174578548662454924e-01 7.511218828009462722e-01 7.254636727086902770e-01
0.000000000000000000e+00 2.909282135181818219e-01 3.898755872324635718e-01 4.700925661138939393e-01 6.497848115234564625e-01 7.340438288270284550e-01 2.689001112213304512e-01
5.000000000000000000e-01 4.665380252304430764e-01 4.107466866436558228e-01 2.785480516631868020e-01 1.196097396316804090e-01 1.381323876209543944e-01 1.091021132052785170e-01
1.000000000000000000e+00 2.752404188732378576e-01 1.505891578158803645e-01 2.756217283859507816e-01 4.730576237739448908e-01 3.274916699066520720e-01 0.000000000000000000e+00
5.000000000000000000e-01 1.899636877718429151e-01 2.552535513999062422e-01 5.218100770068888616e-01 8.081868991437900496e-01 8.661480267580403680e-01 6.178795803649261842e-01
1.000000000000000000e+00 2.735359673474972442e-01 9.491085268604154690e-01 9.701330528982899937e-01 7.844804642618352641e-01 9.827002946872719358e-01 6.706195328704120939e-01
5.000000000000000000e-01 3.387868181481333840e-01 2.325668797389922049e-01 4.999687380525548730e-01 6.417030723591536923e-01 8.178353021543783852e-01 4.162383142453481288e-01
1.000000000000000000e+00 1.883133910604652961e-01 7.147991682477894404e-01 7.656153427488169294e-01 7.112060291721572503e-01 9.180108064111742738e-01 6.662608591096280675e-01
0.000000000000000000e+00 6.510691300456612485e-01 3.165682519901142911e-01 2.055129675582984261e-01 5.560301458607862513e-01 6.879112813264197657e-01 3.147413352571617473e-01
0.000000000000000000e+00 4.793812669946359017e-01 4.360997262499037297e-01 2.486421552499059051e-01 5.786655068775924393e-01 6.458520313800157897e-01 4.523702167312951827e-01
1.000000000000000000e+00 3.371422219435308287e-01 3.009752784759611721e-01 5.345506018181128693e-01 2.381484053982122762e-01 4.712997852525553366e-01 1.277091411909700713e-01
0.000000000000000000e+00 5.642504118616145092e-01 2.882038212992978354e-01 3.172585424552620825e-01 5.980616808719190214e-01 6.802443251806822300e-01 3.625665073496258106e-01
0.000000000000000000e+00 5.497198200920062616e-01 4.089778829525803627e-01 1.585431727494216736e-01 5.851308982090346333e-01 6.510263183712623469e-01 4.935371389064238112e-01
1.000000000000000000e+00 2.653956436727225587e-01 9.056655768005544838e-01 9.644075040973650870e-01 7.909458555932774582e-01 9.799896078224754614e-01 6.778789791685453370e-01
1.000000000000000000e+00 3.216254425018384433e-01 9.225148602194200853e-01 9.363137756540153012e-01 7.586188989360665991e-01 9.750333385415342891e-01 6.410406709351610388e-01
0.000000000000000000e+00 5.951471585823980837e-01 3.519502068878604395e-01 2.549755183077139220e-01 5.366339718664597802e-01 6.318044235793421892e-01 3.757477379986173260e-01
1.000000000000000000e+00 3.466022129367301030e-01 8.300209338308909279e-01 8.316877249194620791e-01 6.627155941863408506e-01 9.780492502007580580e-01 5.863618601016021836e-01
0.000000000000000000e+00 6.799706993951762923e-01 5.104566935749242917e-01 1.569770004315174106e-01 4.687473628863167985e-01 6.057694753403801702e-01 3.609132173024318657e-01
0.000000000000000000e+00 6.390211089765880370e-01 2.878537572375745035e-01 2.284787116387718420e-01 5.948289852061979799e-01 6.980127685705669327e-01 3.081281750683861342e-01
0.000000000000000000e+00 3.469955479042087232e-01 3.759909263395201373e-01 2.261110034880133568e-01 6.239232461976877975e-01 7.106105585977100514e-01 6.452490456007453634e-01
1.000000000000000000e+00 2.632494028719153389e-01 9.472657896395040300e-01 9.544180306613080367e-01 7.543086380484383957e-01 9.802948326169030890e-01 6.371629542790151479e-01
0.000000000000000000e+00 6.283212577598149551e-01 3.338689780229782134e-01 1.983534691024335939e-01 5.560301458607862513e-01 6.884345238311526671e-01 2.747617759341089427e-01
1.000000000000000000e+00 1.957183493612582037e-01 3.724944864910278985e-01 5.632470196089284231e-01 9.644338563203094239e-01 5.579109542998543780e-01 3.710584062283944773e-01
0.000000000000000000e+00 5.395928698061258633e-01 4.102579972134900999e-01 1.449478130474044502e-01 5.851308982090346333e-01 6.384321619726243124e-01 3.202122223224216357e-01
0.000000000000000000e+00 5.945400546108549067e-01 3.587294074815691181e-01 3.088126917356736056e-01 6.271559418634088390e-01 7.531530811352908916e-01 6.456849129768237328e-01
0.000000000000000000e+00 6.196992412625483837e-01 4.503532146382787649e-01 3.555733902403274693e-01 5.818982025433134808e-01 6.310086589367276400e-01 3.210388673460186082e-01
0.000000000000000000e+00 3.467903296603068730e-01 3.608233506731732265e-01 3.377192308125953613e-01 6.562502028548986566e-01 7.414673318629250165e-01 2.596717467760844000e-01
1.000000000000000000e+00 2.670886941849130447e-01 7.029611218853050181e-01 7.703087347931124595e-01 4.730576237739448908e-01 6.457430225248631528e-01 6.674782817807436985e-02
0.000000000000000000e+00 6.971035725075960254e-01 3.555737900035707000e-01 1.933495075474540303e-01 4.719800585520378400e-01 6.027826327091970748e-01 2.739952505485918066e-01
0.000000000000000000e+00 4.065544426899551089e-01 2.734518416870286850e-01 1.622935814609477723e-01 5.883635938747556748e-01 6.615565737790100043e-01 4.902305588120359769e-01
1.000000000000000000e+00 2.432263728245441237e-01 9.454630997472537324e-01 9.430284319724649977e-01 7.306022031664837213e-01 9.796117104579462609e-01 6.231550786064267156e-01
1.000000000000000000e+00 2.299213900115720521e-01 9.247096218608005236e-01 9.392800732247057471e-01 7.575413337141595482e-01 9.770172997053128139e-01 6.474434123906573912e-01
5.000000000000000000e-01 3.026057016468763905e-01 2.742267434940595106e-01 5.090439276485787534e-01 6.675646376849224684e-01 8.189435588484305084e-01 4.902305588120359769e-01
5.000000000000000000e-01 2.850623920466529571e-01 3.319735911671835571e-01 3.091857851412476155e-01 1.099116526345169792e-01 5.015860788424713057e-01 1.058406228394505877e-01
0.000000000000000000e+00 5.258489479714748560e-01 2.737909837500262511e-01 2.557852539956355642e-01 6.142251592005244509e-01 7.629784126130513267e-01 4.874349956413261964e-01
1.000000000000000000e+00 3.304868802836572472e-01 7.568020947833453693e-01 7.719599806073427217e-01 5.366339718664597802e-01 7.565287220165185511e-01 3.352571617518863012e-01
0.000000000000000000e+00 4.848338017249734233e-01 2.406824848947357320e-01 1.243682267915914852e-01 5.592628415265074038e-01 6.401654027695516946e-01 4.936273183635433437e-01
5.000000000000000000e-01 5.145875968373588849e-01 2.512555397637767918e-01 2.834710396493741458e-01 1.244587831302620268e-01 0.000000000000000000e+00 1.456247933387441185e-01
0.000000000000000000e+00 3.647725782822093255e-01 4.383367756299402784e-01 2.300889581776642545e-01 6.077597678690822569e-01 6.789144171478197487e-01 2.319265338022664935e-01
0.000000000000000000e+00 4.530620272142193983e-01 3.233261686888700415e-01 1.640012012787674389e-01 5.980616808719190214e-01 6.621234198258039161e-01 4.831214116091021582e-01
1.000000000000000000e+00 3.123079641780154847e-01 3.749219707206418728e-01 5.446446234062812808e-01 4.137915365690582048e-01 5.745856755097072943e-01 4.447350226951637953e-02
1.000000000000000000e+00 6.509921732041978881e-01 4.327601151010634362e-01 5.539524838898473025e-01 1.907355356343028718e-01 5.133663024559694810e-01 1.217422671115521160e-01
5.000000000000000000e-01 3.104324974490232369e-01 3.393364185645972864e-01 4.867300720459766250e-01 6.433194201920142685e-01 8.166071357196583724e-01 4.689932966603541642e-01
1.000000000000000000e+00 3.499626616806234547e-01 7.559767837514265176e-01 7.810710445692872206e-01 5.592628415265074038e-01 7.632618356364482270e-01 3.319054919289386452e-01
1.000000000000000000e+00 3.301705021576418764e-01 7.378314231504364828e-01 7.488384392805856882e-01 4.741351889958519417e-01 6.646524252653457365e-01 2.340156912255392241e-02
0.000000000000000000e+00 5.824749320214567261e-01 4.212368463428807774e-01 2.385307089697188965e-01 4.978416238778066161e-01 6.087272489435225920e-01 3.743950461418221742e-01
0.000000000000000000e+00 3.591005740410322944e-01 3.520739895400857855e-01 2.383892614698034929e-01 6.465521158577353100e-01 7.177542722387149077e-01 3.367902125229205179e-01
5.000000000000000000e-01 2.042007034425360468e-01 2.236217627825892451e-01 5.005273531790325192e-01 7.499983771608103034e-01 8.583466263576146060e-01 5.505455857155741040e-01
0.000000000000000000e+00 6.176613100904670972e-01 3.802577871750529859e-01 2.895625069826890940e-01 6.012943765376400629e-01 6.811527323069545004e-01 2.920161120630053730e-01
0.000000000000000000e+00 5.826202949442206291e-01 4.246173449741302286e-01 3.193905047728282098e-01 5.495647545293440572e-01 6.279491437354428607e-01 3.299966934199056179e-01
0.000000000000000000e+00 3.532832068770914158e-01 3.691932423633525473e-01 2.385901579189587396e-01 6.142251592005244509e-01 7.088918523148030060e-01 3.213544954459373049e-01
5.000000000000000000e-01 2.070110532826368588e-01 1.857456714578767931e-01 4.795223994415898638e-01 7.370675944979259153e-01 8.465664027441163197e-01 5.557910241380346061e-01
0.000000000000000000e+00 4.135261624758440613e-01 4.392208974242285957e-01 2.088318588968940959e-01 6.077597678690822569e-01 6.655753669056383437e-01 2.289656416268373296e-01
0.000000000000000000e+00 4.356441287630471448e-01 4.293205256561950511e-01 2.034609538276410390e-01 6.077597678690822569e-01 6.645833863237491368e-01 2.405987915952746969e-01
1.000000000000000000e+00 3.099080508257184285e-01 7.309368414419838977e-01 6.899973042976464965e-01 4.450409280043620686e-01 7.255992761812017910e-01 1.894219496798629498e-01
1.000000000000000000e+00 3.347907628988217033e-01 7.891429731640889900e-01 7.779930239733012787e-01 4.385755366729199300e-01 7.633744781201059482e-01 1.896473983226621418e-01
0.000000000000000000e+00 4.743933235664650749e-01 4.337366538076468103e-01 1.472294227199533179e-01 5.689609285236707503e-01 6.555174832035521870e-01 5.803048065650644460e-01
0.000000000000000000e+00 7.335127092798550130e-01 3.854023286261385461e-01 1.857431169904072421e-01 5.366339718664597802e-01 6.462880668006264484e-01 2.286650434364385642e-01
0.000000000000000000e+00 4.832063070406960592e-01 1.694576107427658851e-01 1.506918115222313503e-01 5.915962895404767163e-01 6.522690193200028075e-01 5.012324525806354236e-01
0.000000000000000000e+00 4.941826328360592324e-01 4.126009059657917977e-01 1.227169809773612230e-01 5.560301458607862513e-01 6.430977409731584160e-01 5.162172723720203082e-01
5.000000000000000000e-01 4.075662826425268670e-01 2.910550230692216522e-01 2.927625004228049943e-01 1.131443483002380623e-01 9.916535553238112199e-02 4.594643340247097502e-02
0.000000000000000000e+00 7.439075833841629626e-01 4.340651539231679679e-01 2.770259535662707440e-01 5.301685805350174752e-01 6.240284585784519056e-01 1.708900712417711631e-01
0.000000000000000000e+00 3.408817543879650858e-01 4.204462616658848351e-01 2.456430582589452516e-01 6.239232461976877975e-01 6.915449098315086252e-01 2.265608561036462909e-01
0.000000000000000000e+00 4.847254920962473235e-01 3.029266755816313883e-01 2.251147210973046542e-01 5.915962895404767163e-01 6.569854691196082008e-01 5.048095710463823549e-01
0.000000000000000000e+00 5.284939831150989864e-01 4.057816580434219778e-01 1.987737116746461641e-01 5.527974501950652098e-01 6.233889399615563098e-01 4.449003516998827346e-01
0.000000000000000000e+00 5.092319707221973912e-01 3.481919191211991227e-01 1.281042857567491755e-01 5.624955371922285563e-01 6.426653391810528415e-01 5.141732046773078713e-01
0.000000000000000000e+00 4.772891810081916764e-01 5.255455748401957061e-01 3.764809706988428983e-01 5.883635938747556748e-01 6.708186928384816117e-01 2.959389184477108636e-01
5.000000000000000000e-01 2.057711930590629401e-01 2.590168800890563228e-01 4.943948865703798878e-01 7.516147249936708796e-01 8.598146122736703978e-01 5.344786124387531645e-01
0.000000000000000000e+00 6.638781687692036915e-01 4.252432595164915563e-01 1.129417287549443483e-01 4.622819715548746045e-01 5.865403132914497331e-01 3.015450746986502173e-01
0.000000000000000000e+00 5.058088164037783940e-01 3.863410604140557481e-01 1.593436836003922774e-01 5.915962895404767163e-01 6.488243394971785483e-01 2.460245889319747081e-01
0.000000000000000000e+00 5.163348021639124763e-01 2.842982265754633309e-01 2.544281779819541622e-01 6.174578548662454924e-01 7.614813576689547503e-01 4.813629121952684997e-01
0.000000000000000000e+00 3.675515753350473425e-01 3.253688625018377745e-01 2.390667744947607976e-01 6.368540288605720745e-01 7.079616434175003414e-01 3.394354765984309297e-01
0.000000000000000000e+00 4.746754986518302299e-01 3.846590726102877555e-01 1.580706561011533673e-01 5.786655068775924393e-01 6.532973361869429674e-01 4.334325307361649449e-01
0.000000000000000000e+00 6.847277722989574267e-01 4.372140501711813676e-01 2.455395350887172590e-01 4.913762325463644220e-01 6.185053432507168214e-01 2.570114527910541957e-01
0.000000000000000000e+00 5.390912252099212543e-01 2.779186591146179941e-01 1.171708040060391309e-01 5.592628415265074038e-01 6.124771535607742567e-01 2.075179607418763117e-01
0.000000000000000000e+00 5.406588645730606713e-01 4.233537537369337911e-01 2.554265103364298239e-01 5.237031892035753922e-01 7.233209911085111132e-01 3.716445726996722709e-01
0.000000000000000000e+00 4.412220746424357909e-01 4.152504708361630659e-01 1.895673243975412314e-01 6.045270722033612154e-01 6.517821131003209700e-01 2.269666636606847698e-01
0.000000000000000000e+00 6.795773644276976722e-01 3.526632173687784810e-01 2.349719718703972282e-01 5.495647545293440572e-01 6.324003386541767746e-01 1.528241199987975252e-01
5.000000000000000000e-01 3.352211511603381822e-01 3.407907247026206177e-01 2.579295160958029465e-01 9.859721780449319517e-02 1.012474246657970312e-01 3.885231610905708066e-02
0.000000000000000000e+00 8.173956664747497047e-01 3.507566284630087572e-01 4.215032999291739441e-02 4.946089282120855191e-01 6.082330754668303641e-01 4.593140349295101593e-02
0.000000000000000000e+00 6.026034214441664538e-01 4.472984156100566766e-01 3.231409134843541975e-01 5.657282328579495978e-01 6.446274985738008612e-01 2.310698289596296029e-01
1.000000000000000000e+00 4.946215718577382514e-01 2.958853470185043855e-01 4.183525056194631331e-01 1.584020876203333927e-01 7.403445406548525565e-01 1.892566206751435942e-01
0.000000000000000000e+00 5.127406326422420113e-01 2.572402349629982488e-01 2.077720276294117707e-01 6.465521158577353100e-01 7.337822075746620598e-01 3.811284456067574600e-01
0.000000000000000000e+00 4.037839963972797430e-01 3.218522589633903142e-01 2.160856556860357158e-01 6.368540288605720745e-01 6.990011155239510554e-01 3.572008296510055803e-01
0.000000000000000000e+00 7.085957941661014114e-01 3.377994973080074570e-01 2.032016334111293454e-01 5.204704935378542396e-01 6.167066971406977016e-01 2.083746655845131746e-01
0.000000000000000000e+00 6.771489485415254084e-01 4.057614943534666452e-01 2.349319975769428304e-01 5.398666675321808217e-01 6.237377682980448368e-01 1.151291069227763086e-01
0.000000000000000000e+00 5.904185882124920459e-01 4.460258627328801406e-01 3.673166076789592949e-01 6.045270722033612154e-01 6.632861809474324133e-01 3.296660354104669066e-01
1.000000000000000000e+00 2.682458970602487058e-01 4.766279029062318040e-01 7.936178478045400331e-01 6.368540288605720745e-01 9.360917418524965505e-01 7.765353052574622827e-01
0.000000000000000000e+00 7.677841560114694319e-01 4.158175746161547059e-01 1.897651459010462893e-01 5.334012762007386277e-01 6.287412747495522147e-01 1.359755914269395738e-01
0.000000000000000000e+00 8.163382224679774923e-01 2.574124664813660646e-01 8.714293474862827571e-02 5.237031892035753922e-01 6.247878869360153908e-01 1.155649742988547196e-01
0.000000000000000000e+00 4.577791965705751975e-01 2.744191387023824924e-01 1.948900553182722206e-01 6.012943765376400629e-01 6.721195318433034194e-01 2.841855292031142954e-01
0.000000000000000000e+00 4.863643877940750371e-01 3.826788302259312990e-01 2.159554829868381987e-01 5.786655068775924393e-01 6.414262718608174652e-01 2.580785763669702915e-01
