2.081116
1.836660
2.082114
2.082402
2.080463
-1.363380
2.083071
2.079554
2.083388
2.083619
2.082832
2.083953
2.084062
-0.458775
2.083463
-1.318485
2.084492
2.084017
2.084245
2.084849
-1.315416
2.086811
2.084924
2.084324
2.084619
-1.353145
2.084590
2.084801
2.083026
2.086105
2.086474
2.086865
2.087221
2.088368
2.091655
2.092108
1.843834
2.092073
2.088775
2.092519
2.002460
-1.786511
1.886758
0.981686
2.094346
2.094630
-1.440219
-1.365181
-1.410540
-1.020887
2.096117
0.068607
1.869985
1.977124
2.097483
2.101319
2.077706
2.101971
2.102170
2.102457
2.102255
2.102763
2.102813
2.103346
2.103744
2.103592
2.103064
2.010652
2.069681
2.106410
2.107208
2.068975
2.107181
-0.598225
2.107952
2.108283
-1.725623
1.877499
-1.343724
2.109552
0.835560
2.108958
2.109883
2.110283
2.112131
2.112987
-1.388332
1.001735
2.114746
2.114396
2.113390
2.107736
2.113807
2.114951
2.114610
2.000699
2.115545
2.116009
2.087626
2.114290
2.115614
1.544443
2.116049
2.117436
2.057988
-0.929854
-1.240727
2.116181
-1.773450
2.120164
2.120352
1.983469
0.464063
2.122117
1.852891
2.121220
2.136067
2.100353
2.135972
2.136076
2.136345
2.136914
2.136307
2.137913
2.137057
2.090810
2.102875
-1.072048
2.137657
1.573810
2.138426
2.138113
0.454988
2.138446
2.138641
2.139561
2.139754
2.140020
2.116952
-0.555349
2.141419
2.141230
2.143599
0.798269
2.139709
2.147833
2.133371
-1.236079
2.140875
2.119742
2.140987
2.145220
2.141844
2.141471
2.140551
-1.802881
-1.229685
2.143029
2.142931
-0.824617
2.144642
2.143343
2.018584
-1.208483
2.144975
2.143191
2.145329
2.025058
2.147218
2.143065
2.148184
2.148442
-0.781270
-1.312291
-0.948069
2.155208
2.193850
2.152695
-0.810375
-0.964885
2.174166
2.105454
0.933839
2.156619
-1.098416
2.157416
-1.528646
-1.926077
2.158799
2.159650
2.159675
1.898910
2.159990
-0.975639
2.159811
0.697965
-0.616778
-1.813101
2.159823
2.182166
2.160631
1.987974
2.159871
2.160273
-1.673019
2.162238
2.172032
2.172149
-2.011842
2.172683
2.173040
-0.297890
2.138178
2.175746
0.869072
2.184323
1.911059
-1.011516
2.175917
2.177815
2.178483
2.236286
2.224900
2.242695
2.139513
2.180869
2.189808
2.181074
2.187264
-1.227138
2.183346
2.124653
2.184219
2.180075
-2.684544
-2.204965
1.851903
1.155652
1.884671
2.190468
2.182566
2.190867
-2.091713
-0.808107
-3.092939
2.191495
2.161567
2.182837
2.182268
-0.722621
-1.824906
-2.045838
2.289041
2.184721
-1.194636
-1.755126
2.185192
2.197086
-1.899630
1.776767
0.552636
2.299547
2.353673
2.265218
-3.013982
-1.366196
-1.483442
2.189807
2.164170
2.182734
-0.672005
-2.648256
2.192225
2.193286
2.203738
2.198566
-2.020046
2.197660
2.194246
-2.000296
2.348461
-1.745818
2.200027
2.200449
2.165563
-2.408147
2.202364
2.167667
-1.989898
2.202588
2.203688
-1.971958
-2.571823
2.185674
-1.862369
2.166704
2.208130
0.255183
2.200858
-1.062422
1.900312
2.210125
2.197003
-1.823328
2.185908
-1.602463
-0.034383
-0.085612
-2.552355
2.252796
-1.803223
2.210778
-2.667760
2.273773
-2.640178
1.513865
-0.539431
-2.608774
2.183785
1.931801
-2.002301
0.896379
2.214003
-1.571802
-2.684764
2.213522
0.668271
2.213177
2.212735
2.192210
2.212456
2.221783
-2.032218
2.212227
2.212393
2.276920
-2.650796
-2.721493
1.960607
2.213045
-1.470681
2.214195
2.213180
2.175405
2.213180
-2.529968
1.490560
2.213289
1.986542
2.213301
-2.814221
-2.513341
-2.915410
2.214331
-2.555988
2.213625
-2.787697
2.214551
-2.596500
-2.576005
2.216787
1.949236
2.202571
1.949021
-3.425370
-1.341821
-2.038599
2.271428
1.365506
1.933324
-2.678708
-2.529304
-1.531728
1.839611
2.215117
2.215148
-0.522137
-0.568366
-2.643810
0.821305
2.214206
-2.869841
-2.530360
-2.014016
2.214126
2.237710
1.926064
-0.812686
0.888341
2.236084
-1.821053
-1.790504
2.210129
2.175067
1.942856
2.174486
2.190761
2.210174
-2.625810
2.203972
-2.998731
0.946159
-2.613131
2.196173
0.049905
1.911254
-2.752140
2.210694
-2.007923
-2.733546
-2.490177
-2.438360
2.208780
-1.995153
-1.533074
2.228862
2.207272
-2.601970
2.207386
2.213976
-1.839224
-3.389776
-1.886325
-4.052570
-2.370520
1.658878
2.204985
-2.661174
-2.603605
-2.568481
-1.078116
0.277908
-2.921391
-2.161553
-3.817326
2.169157
0.261435
-2.440002
-2.656422
-2.437328
-2.590384
-2.715356
-1.616637
-0.113515
-3.356766
2.188268
-3.062914
-2.779536
-2.433005
-2.454380
-3.459917
-2.416780
-1.723823
-1.623455
-1.798474
2.177776
-1.900937
1.082296
-2.834410
-2.424679
-0.800238
-2.849584
-2.579591
2.014942
2.058631
-2.693802
1.617461
-2.212271
-2.910447
-2.670116
2.144719
-2.790115
-0.414568
-2.606835
-2.551982
-2.232553
-2.627642
0.920737
-2.729933
-3.106918
2.115373
2.037994
-1.746807
-1.940569
-2.940930
1.194993
-3.243611
-2.306507
-2.476088
-2.909668
-0.485111
-0.196746
-1.539130
1.212884
1.048922
-2.479302
-2.754363
-1.942784
-2.533108
-2.377987
-2.703525
-2.102423
-2.480433
-2.512764
0.983124
1.294961
-2.524131
-2.599152
-3.464010
-2.626248
-2.173959
-2.343649
-2.527569
-2.912744
-2.575024
-2.844961
-1.983342
-1.822244
-2.575395
-2.691125
-2.908391
-2.850108
-2.697588
-2.385653
-3.125291
-2.434592
-2.579531
-2.693826
-2.057870
-2.862632
-2.285830
-0.810675
-3.061599
-2.873658
-2.772821
-2.511501
-2.233878
0.288063
-2.486092
-3.138747
-3.062500
-2.659018
