4.413000000000000256e-03 9.128840000000000288e-01 2.688599999999999879e-01 8.696380000000000221e-01 5.319810000000000372e-01 6.584999999999999708e-03 2.747029999999999750e-01 4.139990000000000059e-01 4.277900000000000036e-01 9.677810000000000024e-01
7.180999999999999883e-03 6.711999999999999911e-02 3.853219999999999978e-01 4.882879999999999998e-01 9.452620000000000466e-01 1.020100000000000000e-02 5.453909999999999592e-01 5.941030000000000477e-01 4.981949999999999990e-01 6.997440000000000326e-01
1.539800000000000023e-02 5.429070000000000285e-01 4.259129999999999860e-01 8.448299999999999699e-01 9.820090000000000208e-01 1.914799999999999836e-02 9.688449999999999562e-01 6.664189999999999836e-01 9.626460000000000017e-01 6.211210000000000342e-01
2.392299999999999982e-02 5.138719999999999954e-01 2.567829999999999835e-01 2.084820000000000007e-01 8.748340000000000005e-01 2.669399999999999898e-02 1.044189999999999979e-01 3.908440000000000247e-01 1.099429999999999991e-01 8.641170000000000240e-01
3.035600000000000104e-02 6.207850000000000312e-01 2.284229999999999872e-01 1.227030000000000065e-01 3.665660000000000029e-01 3.128899999999999737e-02 4.688640000000000030e-01 4.141929999999999779e-01 9.064200000000000035e-02 6.637819999999999832e-01
3.527999999999999886e-02 4.167300000000000171e-02 1.197320000000000051e-01 6.511409999999999698e-01 4.535770000000000080e-01 3.935099999999999709e-02 3.496310000000000251e-01 2.523799999999999932e-01 2.614440000000000097e-01 2.182540000000000036e-01
4.383499999999999897e-02 1.685500000000000054e-01 2.213800000000000143e-02 8.376519999999999522e-01 6.532100000000000406e-02 4.715600000000000347e-02 8.350809999999999622e-01 6.272349999999999870e-01 3.632219999999999893e-01 1.915999999999999995e-02
5.101200000000000179e-02 8.718609999999999971e-01 8.170000000000000179e-03 3.286640000000000117e-01 9.641279999999999850e-01 5.406099999999999794e-02 3.135490000000000221e-01 5.769009999999999971e-01 6.507779999999999676e-01 2.258290000000000020e-01
5.909799999999999776e-02 7.752989999999999604e-01 6.188439999999999497e-01 7.103159999999999474e-01 6.646330000000000293e-01 6.098800000000000054e-02 7.612689999999999735e-01 5.276380000000000514e-01 8.120500000000000496e-01 6.831500000000000072e-02
6.504600000000000659e-02 5.363350000000000062e-01 5.953040000000000553e-01 4.493210000000000259e-01 3.783569999999999989e-01 6.583799999999999375e-02 9.681070000000000508e-01 1.630630000000000135e-01 1.133989999999999998e-01 5.466590000000000060e-01
6.587999999999999412e-02 4.358779999999999877e-01 3.926169999999999938e-01 2.414860000000000062e-01 4.801409999999999845e-01 6.829399999999999360e-02 2.875920000000000143e-01 5.748130000000000184e-01 3.335480000000000111e-01 3.474960000000000271e-01
7.819199999999999762e-02 7.124509999999999454e-01 5.162160000000000082e-01 2.253120000000000123e-01 8.050650000000000306e-01 8.120600000000000041e-02 1.039780000000000010e-01 9.244199999999999640e-02 1.125239999999999990e-01 5.994450000000000056e-01
8.156099999999999461e-02 6.557800000000000296e-01 5.402339999999999920e-01 2.351500000000000118e-02 8.864429999999999810e-01 8.366300000000000125e-02 3.962680000000000091e-01 4.822499999999999704e-02 2.139490000000000003e-01 4.933350000000000235e-01
8.819100000000000550e-02 5.332900000000000140e-02 2.276800000000000004e-02 2.253799999999999901e-02 8.344899999999999540e-02 8.967300000000000271e-02 7.307850000000000179e-01 2.821130000000000027e-01 7.227609999999999868e-01 7.791559999999999597e-01
9.394099999999999673e-02 4.836770000000000236e-01 2.035800000000000110e-02 3.759839999999999849e-01 3.633270000000000111e-01 9.446699999999999542e-02 7.765499999999999625e-01 7.188909999999999467e-01 7.297160000000000313e-01 4.174100000000000033e-02
9.473099999999999576e-02 4.115519999999999734e-01 1.746749999999999969e-01 2.626999999999999891e-01 6.870439999999999880e-01 9.487299999999999900e-02 8.125850000000000017e-01 6.357319999999999638e-01 8.115499999999999936e-01 7.038630000000000164e-01
9.500200000000000311e-02 7.866640000000000299e-01 3.771619999999999973e-01 9.357539999999999747e-01 3.019000000000000017e-01 9.500500000000000611e-02 9.500530000000000364e-01 1.690900000000000042e-02 8.101760000000000073e-01 9.145900000000000141e-01
9.790400000000000491e-02 2.025639999999999941e-01 3.909389999999999810e-01 3.246689999999999854e-01 4.067569999999999797e-01 1.005650000000000016e-01 3.130000000000000004e-01 6.246450000000000058e-01 3.529959999999999765e-01 7.974000000000000185e-03
1.108090000000000047e-01 2.285260000000000069e-01 2.068909999999999916e-01 7.099400000000000155e-01 5.764679999999999804e-01 1.197330000000000061e-01 4.328670000000000018e-01 5.293710000000000360e-01 2.128700000000000037e-02 8.969040000000000346e-01
1.203410000000000035e-01 3.117500000000000132e-02 1.527439999999999909e-01 1.720069999999999932e-01 8.606059999999999821e-01 1.212229999999999974e-01 9.762309999999999599e-01 6.033159999999999634e-01 5.756510000000000238e-01 2.493150000000000088e-01
1.242270000000000041e-01 4.312790000000000235e-01 4.742739999999999734e-01 7.365639999999999965e-01 4.189109999999999778e-01 1.321650000000000047e-01 8.869960000000000067e-01 5.590340000000000309e-01 6.416749999999999954e-01 1.616339999999999999e-01
1.391020000000000034e-01 7.540799999999999725e-01 9.597300000000000275e-02 2.637809999999999877e-01 6.002349999999999630e-01 1.421209999999999973e-01 5.945390000000000397e-01 5.056380000000000319e-01 2.339120000000000088e-01 6.569260000000000099e-01
1.434410000000000129e-01 5.016880000000000228e-01 9.832999999999999727e-03 9.768529999999999713e-01 2.853930000000000078e-01 1.552669999999999884e-01 5.101900000000000324e-01 2.347889999999999977e-01 1.548539999999999917e-01 4.356119999999999992e-01
1.592109999999999914e-01 9.075370000000000381e-01 4.319749999999999979e-01 7.875750000000000250e-01 7.158670000000000311e-01 1.594389999999999974e-01 8.973910000000000498e-01 3.040950000000000042e-01 1.560239999999999960e-01 2.849300000000000097e-02
1.603700000000000125e-01 9.317260000000000542e-01 2.607019999999999893e-01 2.826930000000000276e-01 1.345449999999999979e-01 1.646940000000000071e-01 9.242759999999999865e-01 5.505560000000000453e-01 7.901970000000000383e-01 1.163129999999999997e-01
1.712309999999999943e-01 3.883130000000000193e-01 5.492669999999999497e-01 4.209359999999999769e-01 6.387030000000000207e-01 1.771010000000000084e-01 8.201200000000000156e-02 3.896720000000000184e-01 1.473220000000000085e-01 8.479609999999999648e-01
1.773220000000000074e-01 5.758499999999999730e-01 4.675849999999999729e-01 7.740500000000000158e-01 4.429899999999999810e-02 1.778200000000000058e-01 4.706020000000000203e-01 1.840749999999999886e-01 7.381130000000000191e-01 9.887200000000000155e-02
1.822340000000000071e-01 7.352880000000000527e-01 6.268730000000000135e-01 2.527099999999999902e-01 7.998849999999999572e-01 1.923999999999999877e-01 5.932530000000000303e-01 3.613770000000000038e-01 6.747400000000000619e-02 3.392919999999999825e-01
1.938199999999999923e-01 1.095280000000000004e-01 5.483240000000000336e-01 7.761379999999999946e-01 5.919980000000000242e-01 1.941259999999999930e-01 2.881000000000000227e-01 2.220900000000000096e-01 1.314510000000000123e-01 3.308380000000000210e-01
1.977659999999999973e-01 5.517480000000000162e-01 3.536179999999999879e-01 9.424510000000000387e-01 6.414640000000000342e-01 1.988510000000000000e-01 8.272899999999999698e-01 3.960270000000000179e-01 9.255809999999999871e-01 9.127199999999999758e-01
1.990379999999999927e-01 6.224100000000000188e-01 1.524050000000000127e-01 1.255459999999999909e-01 2.737749999999999906e-01 1.998499999999999999e-01 7.341889999999999805e-01 4.336720000000000019e-01 3.529889999999999972e-01 2.371820000000000039e-01
2.097690000000000110e-01 3.677590000000000026e-01 9.618999999999999773e-02 2.684329999999999772e-01 4.441999999999999768e-03 2.107559999999999989e-01 8.344030000000000058e-01 3.395889999999999742e-01 2.246430000000000093e-01 4.223500000000000171e-02
2.116109999999999935e-01 7.606500000000000483e-01 5.836919999999999886e-01 4.229350000000000054e-01 7.170250000000000234e-01 2.137620000000000076e-01 4.657890000000000086e-01 1.248839999999999950e-01 4.282600000000000295e-02 3.691999999999999726e-01
2.156099999999999961e-01 2.996119999999999894e-01 2.188170000000000115e-01 5.380310000000000370e-01 8.049880000000000368e-01 2.228489999999999915e-01 3.735149999999999859e-01 3.934349999999999792e-01 1.007880000000000026e-01 9.319079999999999586e-01
2.240669999999999884e-01 9.622540000000000537e-01 5.761070000000000357e-01 3.674859999999999793e-01 9.391540000000000443e-01 2.260189999999999977e-01 9.551030000000000353e-01 2.068210000000000048e-01 3.635499999999999843e-02 7.864649999999999697e-01
2.274229999999999863e-01 2.560009999999999786e-01 4.403449999999999864e-01 8.578470000000000262e-01 8.130199999999999649e-01 2.286739999999999884e-01 7.995000000000000370e-03 4.251030000000000086e-01 7.481809999999999850e-01 2.758360000000000256e-01
2.301839999999999997e-01 7.029509999999999925e-01 5.902709999999999901e-01 7.260450000000000514e-01 5.131520000000000525e-01 2.330379999999999951e-01 4.985379999999999812e-01 4.007990000000000164e-01 5.526640000000000441e-01 9.458550000000000013e-01
2.366189999999999960e-01 4.765469999999999984e-01 2.951659999999999839e-01 2.860360000000000125e-01 2.255580000000000085e-01 2.457179999999999920e-01 2.784849999999999826e-01 6.286200000000000121e-02 1.528390000000000026e-01 4.954160000000000230e-01
2.460739999999999872e-01 4.221699999999999758e-02 2.267990000000000006e-01 9.641739999999999755e-01 4.344529999999999781e-01 2.483390000000000042e-01 7.954299999999999704e-01 5.565120000000000067e-01 3.156269999999999909e-01 9.595059999999999700e-01
2.508589999999999987e-01 9.286820000000000075e-01 5.736510000000000220e-01 1.635129999999999917e-01 7.635389999999999677e-01 2.543659999999999810e-01 9.370629999999999793e-01 1.393699999999999974e-02 2.623510000000000009e-01 6.462780000000000191e-01
2.652209999999999845e-01 4.626830000000000109e-01 2.687510000000000177e-01 3.635729999999999795e-01 1.574139999999999984e-01 2.692809999999999926e-01 5.170179999999999776e-01 3.502359999999999918e-01 8.988570000000000171e-01 8.515200000000000546e-02
2.734679999999999889e-01 2.826640000000000263e-01 1.618130000000000124e-01 3.242129999999999734e-01 3.509929999999999994e-01 2.752680000000000127e-01 6.360909999999999620e-01 2.594159999999999799e-01 6.990100000000000202e-01 6.141200000000000131e-02
2.806930000000000258e-01 5.216530000000000333e-01 6.368730000000000224e-01 2.659150000000000125e-01 8.743560000000000221e-01 2.831770000000000120e-01 1.769890000000000074e-01 3.549490000000000145e-01 5.568039999999999656e-01 5.925660000000000371e-01
2.873439999999999883e-01 7.713010000000000144e-01 4.973110000000000031e-01 1.332510000000000083e-01 6.310200000000000253e-01 2.873680000000000123e-01 3.845640000000000169e-01 1.202310000000000045e-01 6.773479999999999501e-01 6.884400000000000241e-02
2.873720000000000163e-01 5.377030000000000420e-01 4.260129999999999750e-01 6.139259999999999717e-01 2.820349999999999802e-01 2.897919999999999940e-01 3.395929999999999782e-01 7.156500000000000361e-02 7.585680000000000200e-01 6.420010000000000439e-01
2.913439999999999919e-01 7.177059999999999551e-01 5.599199999999999733e-01 8.378999999999999782e-01 3.468330000000000024e-01 3.060519999999999907e-01 7.691369999999999596e-01 7.320200000000000318e-02 1.717059999999999975e-01 4.938779999999999837e-01
3.094379999999999908e-01 7.711909999999999599e-01 4.328170000000000073e-01 4.542510000000000159e-01 3.527589999999999892e-01 3.195359999999999867e-01 3.268700000000000078e-02 4.729679999999999995e-01 7.762179999999999636e-01 9.465189999999999992e-01
3.217539999999999845e-01 1.006930000000000047e-01 8.506600000000000272e-02 8.962599999999999734e-02 2.593699999999999894e-01 3.242709999999999759e-01 2.770850000000000257e-01 4.871550000000000047e-01 6.334680000000000311e-01 9.784840000000000204e-01
3.310040000000000204e-01 2.912120000000000264e-01 5.218760000000000066e-01 5.253529999999999589e-01 5.872380000000000377e-01 3.336069999999999869e-01 2.801580000000000181e-01 5.993030000000000301e-01 3.727500000000000258e-01 2.846400000000000041e-01
3.449570000000000136e-01 7.782120000000000148e-01 3.347939999999999805e-01 2.231130000000000058e-01 8.135829999999999451e-01 3.541000000000000258e-01 6.745400000000000007e-02 8.959499999999999409e-02 1.004140000000000033e-01 5.932500000000000551e-01
3.584680000000000089e-01 7.450350000000000028e-01 3.749000000000000162e-03 3.353849999999999887e-01 7.599850000000000216e-01 3.646139999999999937e-01 8.362610000000000321e-01 2.698539999999999828e-01 2.333870000000000111e-01 8.676260000000000083e-01
3.676420000000000243e-01 3.602759999999999851e-01 1.506349999999999911e-01 6.729330000000000034e-01 3.087799999999999989e-01 3.689600000000000102e-01 6.538490000000000135e-01 7.181600000000000483e-02 5.703890000000000349e-01 7.715389999999999748e-01
3.736499999999999821e-01 2.655620000000000203e-01 6.074500000000000455e-01 4.331280000000000130e-01 8.837720000000000020e-01 3.786590000000000233e-01 9.081909999999999705e-01 3.349869999999999792e-01 9.721760000000000401e-01 4.773339999999999805e-01
3.810620000000000118e-01 6.366309999999999469e-01 5.545740000000000114e-01 2.944599999999999995e-01 6.715710000000000290e-01 3.865799999999999792e-01 1.315900000000000125e-01 2.586040000000000005e-01 6.826160000000000005e-01 1.692869999999999930e-01
3.890930000000000222e-01 4.662180000000000213e-01 5.657520000000000326e-01 6.043690000000000451e-01 2.378059999999999896e-01 3.984460000000000224e-01 5.573489999999999833e-01 1.637010000000000132e-01 7.182100000000000151e-01 5.160599999999999632e-01
4.025639999999999774e-01 9.739999999999999769e-01 3.310919999999999974e-01 6.401419999999999888e-01 8.790660000000000140e-01 4.088229999999999920e-01 5.368570000000000286e-01 4.709699999999999998e-02 5.784880000000000022e-01 4.737210000000000032e-01
4.105719999999999925e-01 9.410760000000000236e-01 5.383850000000000025e-01 7.906659999999999799e-01 2.730150000000000077e-01 4.112620000000000164e-01 4.687649999999999872e-01 3.695160000000000111e-01 9.920900000000000551e-02 1.120939999999999992e-01
4.154680000000000040e-01 9.239400000000000390e-02 4.126549999999999940e-01 8.250560000000000116e-01 3.760950000000000126e-01 4.194649999999999768e-01 1.547370000000000134e-01 1.597290000000000099e-01 8.025809999999999889e-01 8.776920000000000277e-01
4.199840000000000240e-01 1.714500000000000052e-02 3.602739999999999831e-01 2.319009999999999960e-01 8.483799999999999675e-02 4.210149999999999726e-01 3.216609999999999747e-01 7.283000000000000411e-03 4.683180000000000121e-01 5.014849999999999586e-01
4.275800000000000156e-01 5.008719999999999839e-01 1.425520000000000120e-01 8.621299999999999519e-01 1.790579999999999949e-01 4.278730000000000033e-01 8.514049999999999674e-01 3.777829999999999799e-01 5.325389999999999846e-01 4.922110000000000096e-01
4.315789999999999904e-01 8.491260000000000474e-01 3.346500000000000169e-02 8.459569999999999590e-01 6.946189999999999864e-01 4.441510000000000180e-01 3.399579999999999824e-01 1.595389999999999864e-01 3.428729999999999833e-01 3.313139999999999974e-01
4.451510000000000189e-01 7.897779999999999800e-01 6.339249999999999607e-01 1.807599999999999832e-02 9.534150000000000125e-01 4.467439999999999745e-01 3.755720000000000169e-01 2.929709999999999814e-01 3.974360000000000115e-01 2.285889999999999866e-01
4.472510000000000097e-01 8.726890000000000480e-01 4.177939999999999987e-01 6.108500000000000041e-02 3.283300000000000107e-01 4.510080000000000200e-01 2.861360000000000015e-01 2.368049999999999877e-01 4.155900000000000150e-01 1.828730000000000078e-01
4.516589999999999772e-01 3.152599999999999847e-01 6.702600000000000224e-02 9.680950000000000388e-01 3.955730000000000079e-01 4.529960000000000098e-01 5.148049999999999571e-01 1.910119999999999874e-01 6.053330000000000100e-01 7.629200000000000426e-01
4.615940000000000043e-01 1.928439999999999876e-01 4.846999999999999920e-02 8.682299999999999740e-02 1.112910000000000010e-01 4.659229999999999761e-01 3.198259999999999992e-01 5.247299999999999881e-02 7.762139999999999596e-01 9.234550000000000258e-01
4.680819999999999981e-01 7.509430000000000271e-01 1.212909999999999960e-01 6.537570000000000325e-01 1.260860000000000036e-01 4.683709999999999818e-01 1.628900000000000070e-01 3.818289999999999740e-01 2.879390000000000005e-01 5.758410000000000473e-01
4.687250000000000028e-01 8.739230000000000054e-01 1.871000000000000094e-02 2.926369999999999805e-01 3.579700000000000243e-02 4.709510000000000085e-01 9.427569999999999562e-01 4.119799999999999851e-02 8.757530000000000037e-01 5.236899999999999888e-01
4.775170000000000248e-01 7.854940000000000255e-01 6.993409999999999904e-01 1.244539999999999952e-01 7.866279999999999939e-01 4.784599999999999964e-01 8.801719999999999544e-01 1.438629999999999909e-01 5.118219999999999992e-01 1.837550000000000017e-01
4.845130000000000270e-01 3.985830000000000206e-01 5.395480000000000276e-01 9.615120000000000333e-01 1.692289999999999905e-01 4.855229999999999824e-01 6.936919999999999753e-01 4.606359999999999899e-01 1.101260000000000017e-01 4.360310000000000019e-01
4.857339999999999991e-01 4.264140000000000152e-01 1.789090000000000125e-01 9.228920000000000456e-01 5.737799999999999567e-01 4.885149999999999770e-01 2.803499999999999881e-01 4.138549999999999729e-01 9.210760000000000058e-01 5.167540000000000466e-01
4.933299999999999907e-01 2.097880000000000023e-01 5.331559999999999633e-01 3.503109999999999835e-01 9.759999999999999579e-03 4.950240000000000196e-01 1.304160000000000041e-01 4.266840000000000077e-01 5.919950000000000490e-01 9.014360000000000150e-01
4.954430000000000223e-01 2.837669999999999915e-01 6.406530000000000280e-01 2.390420000000000045e-01 7.937410000000000299e-01 5.063879999999999493e-01 9.341139999999999999e-01 8.157300000000000662e-02 8.080330000000000013e-01 8.206919999999999771e-01
5.074309999999999654e-01 8.419879999999999587e-01 1.215859999999999996e-01 8.069500000000000284e-02 1.707690000000000041e-01 5.082370000000000498e-01 3.689609999999999834e-01 3.315279999999999894e-01 5.431390000000000384e-01 8.404190000000000271e-01
5.316189999999999527e-01 6.965899999999999870e-02 4.245869999999999922e-01 7.998229999999999507e-01 3.072019999999999751e-01 5.426410000000000400e-01 6.950420000000000487e-01 3.642900000000000305e-02 5.095870000000000122e-01 6.586720000000000352e-01
5.436180000000000456e-01 9.395289999999999475e-01 1.043089999999999989e-01 5.725399999999999934e-02 4.517800000000000288e-02 5.471700000000000452e-01 6.488900000000000223e-02 2.417179999999999884e-01 3.283440000000000247e-01 7.207800000000000318e-02
5.480549999999999589e-01 3.670379999999999754e-01 2.592570000000000152e-01 3.217960000000000265e-01 5.852950000000000097e-01 5.482569999999999943e-01 7.999699999999999867e-02 2.045889999999999931e-01 9.235229999999999828e-01 5.305950000000000388e-01
5.496799999999999464e-01 8.232289999999999885e-01 3.689540000000000042e-01 7.740540000000000198e-01 1.587810000000000055e-01 5.533730000000000038e-01 9.839919999999999778e-01 1.766050000000000120e-01 7.649759999999999893e-01 4.761569999999999969e-01
5.644609999999999905e-01 7.222079999999999611e-01 1.283610000000000029e-01 4.929310000000000080e-01 4.993190000000000128e-01 5.646309999999999940e-01 2.494810000000000083e-01 3.541460000000000163e-01 4.442209999999999770e-01 3.196100000000000330e-02
5.773810000000000331e-01 1.310179999999999956e-01 4.438190000000000190e-01 2.060470000000000079e-01 4.301909999999999901e-01 5.813509999999999511e-01 3.426649999999999974e-01 4.568329999999999891e-01 4.843189999999999995e-01 2.453329999999999955e-01
5.844049999999999523e-01 7.454950000000000188e-01 5.411240000000000494e-01 7.823430000000000106e-01 5.478009999999999824e-01 5.947970000000000201e-01 6.558150000000000368e-01 6.679699999999999527e-02 6.174560000000000048e-01 7.231600000000000250e-01
5.982520000000000060e-01 4.091119999999999757e-01 5.132320000000000215e-01 2.273759999999999948e-01 7.321499999999999675e-01 5.992389999999999661e-01 6.653599999999999515e-01 3.799569999999999892e-01 6.859539999999999527e-01 8.802599999999999314e-02
6.123650000000000482e-01 6.442480000000000429e-01 1.096069999999999961e-01 3.459499999999999797e-01 6.574800000000000089e-02 6.187200000000000477e-01 2.261170000000000124e-01 1.365899999999999892e-01 7.198930000000000051e-01 7.797669999999999879e-01
6.216920000000000224e-01 2.711859999999999826e-01 5.128500000000000281e-01 5.516710000000000225e-01 4.721060000000000256e-01 6.227319999999999522e-01 6.850929999999999520e-01 1.683540000000000036e-01 7.661029999999999784e-01 3.421460000000000057e-01
6.263750000000000151e-01 7.437409999999999854e-01 3.568580000000000085e-01 9.284329999999999528e-01 5.740070000000000450e-01 6.290559999999999485e-01 9.059249999999999803e-01 7.926999999999999325e-02 5.050240000000000284e-01 4.002189999999999914e-01
6.395750000000000046e-01 9.019810000000000327e-01 2.177580000000000071e-01 5.270949999999999802e-01 6.724120000000000097e-01 6.430740000000000345e-01 7.673699999999999966e-02 3.591300000000000048e-02 5.499899999999999789e-01 4.165579999999999838e-01
6.475720000000000365e-01 8.134379999999999944e-01 5.188620000000000454e-01 3.187470000000000026e-01 4.321889999999999898e-01 6.498289999999999900e-01 9.398459999999999592e-01 1.582379999999999898e-01 6.200300000000000256e-02 2.098389999999999977e-01
6.536419999999999453e-01 6.438949999999999951e-01 4.363500000000000156e-01 5.286149999999999460e-01 1.325139999999999929e-01 6.588920000000000332e-01 2.569899999999999962e-02 3.090999999999999998e-03 8.407360000000000388e-01 4.364040000000000141e-01
6.636849999999999694e-01 2.783809999999999896e-01 2.787350000000000105e-01 8.244160000000000377e-01 7.906009999999999982e-01 6.678380000000000427e-01 3.108719999999999817e-01 5.415710000000000246e-01 5.858459999999999779e-01 3.155049999999999799e-01
6.680800000000000072e-01 7.994900000000000340e-01 8.311999999999999944e-02 4.808459999999999956e-01 5.202750000000000430e-01 6.890269999999999451e-01 7.804419999999999691e-01 5.597539999999999738e-01 7.906689999999999552e-01 4.465169999999999972e-01
7.057309999999999972e-01 8.553420000000000467e-01 2.085069999999999979e-01 1.560370000000000090e-01 3.296789999999999998e-01 7.158830000000000471e-01 6.737300000000000511e-01 3.742809999999999748e-01 7.362840000000000495e-01 8.482410000000000228e-01
7.233070000000000332e-01 4.819499999999999895e-01 5.624470000000000303e-01 9.332169999999999632e-01 6.719140000000000112e-01 7.309280000000000221e-01 3.488080000000000069e-01 5.793600000000000139e-02 4.255129999999999746e-01 7.606150000000000411e-01
7.363910000000000178e-01 8.769869999999999610e-01 1.596599999999999964e-01 5.661899999999999711e-01 9.148720000000000185e-01 7.392480000000000162e-01 9.694669999999999677e-01 5.526999999999999795e-03 6.858200000000000407e-02 8.635800000000000420e-02
7.415140000000000065e-01 4.100759999999999961e-01 5.985599999999999948e-02 1.802809999999999968e-01 1.741310000000000080e-01 7.451839999999999575e-01 2.386250000000000038e-01 2.556800000000000045e-02 7.782700000000000173e-01 2.828869999999999996e-01
7.455840000000000245e-01 5.275900000000000034e-01 1.661590000000000011e-01 5.198850000000000415e-01 6.481000000000000649e-02 7.515279999999999738e-01 8.876829999999999998e-01 5.979680000000000550e-01 6.110970000000000013e-01 8.858930000000000415e-01
7.657350000000000545e-01 1.405450000000000033e-01 3.221129999999999827e-01 9.059120000000000505e-01 1.128099999999999936e-01 7.798659999999999481e-01 7.480229999999999935e-01 3.651969999999999938e-01 4.164080000000000004e-01 5.060519999999999463e-01
7.873839999999999728e-01 2.477969999999999895e-01 1.544820000000000082e-01 7.116749999999999465e-01 7.586669999999999803e-01 7.930909999999999904e-01 4.153890000000000082e-01 2.375980000000000036e-01 2.743269999999999875e-01 6.006700000000000372e-01
7.958699999999999664e-01 6.612799999999999789e-01 3.622179999999999844e-01 3.418910000000000005e-01 2.497350000000000125e-01 7.960080000000000489e-01 9.664899999999999880e-02 4.970629999999999771e-01 3.083110000000000017e-01 5.414930000000000021e-01
8.151639999999999997e-01 5.279439999999999689e-01 5.062389999999999946e-01 6.974650000000000016e-01 7.439000000000000300e-03 8.288790000000000324e-01 9.085170000000000190e-01 1.089320000000000010e-01 3.915379999999999971e-01 7.497930000000000428e-01
8.304270000000000262e-01 3.389099999999999890e-01 2.646040000000000059e-01 8.849879999999999969e-01 7.584499999999999575e-01 8.358980000000000299e-01 6.455210000000000115e-01 2.999359999999999804e-01 3.611519999999999730e-01 1.746109999999999884e-01
8.392110000000000403e-01 8.427320000000000366e-01 4.615500000000000158e-02 1.823150000000000048e-01 6.286990000000000078e-01 8.491800000000000459e-01 1.134079999999999949e-01 1.885249999999999981e-01 7.582250000000000378e-01 6.099959999999999827e-01
8.536110000000000086e-01 9.353150000000000075e-01 5.399680000000000035e-01 9.962839999999999474e-01 5.994329999999999936e-01 8.558069999999999844e-01 8.113580000000000236e-01 5.329850000000000421e-01 1.708030000000000104e-01 5.923019999999999952e-01
8.641069999999999585e-01 9.654490000000000016e-01 1.386239999999999972e-01 4.357219999999999982e-01 5.600629999999999775e-01 8.714460000000000539e-01 3.440659999999999830e-01 1.185999999999999988e-03 5.816679999999999628e-01 3.879940000000000055e-01
8.800179999999999669e-01 5.129669999999999508e-01 4.529670000000000085e-01 9.497910000000000519e-01 6.448999999999999871e-03 8.828589999999999494e-01 6.104049999999999754e-01 2.784159999999999968e-01 9.892619999999999747e-01 1.681100000000000094e-01
8.874290000000000234e-01 8.931600000000000650e-02 2.876199999999999868e-01 9.693000000000000227e-03 4.735119999999999885e-01 8.903119999999999923e-01 5.203229999999999800e-01 2.191410000000000025e-01 2.714550000000000018e-01 3.219940000000000024e-01
8.951170000000000515e-01 8.267710000000000337e-01 2.064570000000000016e-01 7.921550000000000535e-01 2.040279999999999871e-01 8.958589999999999609e-01 2.210169999999999912e-01 4.825380000000000225e-01 3.446250000000000147e-01 4.351240000000000108e-01
8.994079999999999853e-01 6.575779999999999959e-01 1.309300000000000047e-02 1.411399999999999877e-01 9.698809999999999931e-01 9.030010000000000536e-01 1.763109999999999955e-01 1.668169999999999931e-01 1.113959999999999950e-01 3.024359999999999826e-01
9.090510000000000534e-01 5.647210000000000285e-01 4.969870000000000121e-01 4.387949999999999906e-01 4.873129999999999962e-01 9.146130000000000093e-01 3.392430000000000168e-01 1.934130000000000016e-01 2.853450000000000153e-01 7.234129999999999727e-01
9.172759999999999803e-01 4.984210000000000029e-01 4.073039999999999994e-01 7.109220000000000539e-01 6.829859999999999820e-01 9.202709999999999502e-01 9.586869999999999559e-01 5.546710000000000251e-01 7.442630000000000079e-01 3.837309999999999888e-01
9.226309999999999789e-01 6.608579999999999455e-01 6.894100000000000228e-02 9.360009999999999719e-01 1.776760000000000006e-01 9.228739999999999721e-01 7.225519999999999721e-01 1.980879999999999863e-01 2.798769999999999869e-01 8.590870000000000450e-01
9.333519999999999595e-01 6.591639999999999722e-01 2.881329999999999725e-01 3.809480000000000088e-01 5.048799999999999955e-01 9.402730000000000254e-01 6.098440000000000527e-01 2.122080000000000077e-01 2.809490000000000043e-01 6.770500000000000407e-01
9.508750000000000258e-01 9.772560000000000136e-01 3.081180000000000030e-01 6.020969999999999933e-01 1.508800000000000072e-02 9.549729999999999608e-01 6.702000000000000179e-01 5.385119999999999907e-01 1.178700000000000060e-02 5.499319999999999764e-01
9.760039999999999827e-01 9.392759999999999998e-01 2.867999999999999994e-01 9.236180000000000501e-01 6.704299999999999704e-01 9.808299999999999796e-01 9.623169999999999780e-01 4.203120000000000189e-01 4.608639999999999959e-01 9.819999999999999840e-01
9.842600000000000238e-01 2.450849999999999973e-01 2.852020000000000111e-01 6.556410000000000293e-01 1.415549999999999864e-01 9.930989999999999540e-01 4.581760000000000277e-01 3.349690000000000167e-01 8.723379999999999468e-01 1.616690000000000071e-01
9.955699999999999550e-01 3.491779999999999884e-01 1.919029999999999903e-01 5.701399999999999801e-01 5.383160000000000167e-01 9.956559999999999855e-01 3.860270000000000090e-01 1.021630000000000038e-01 2.793070000000000275e-01 4.887969999999999815e-01
9.967890000000000361e-01 2.832720000000000238e-01 2.668799999999999992e-02 6.727610000000000534e-01 6.696879999999999500e-01 2.700000000000000143e-03 5.414510000000000156e-01 4.174660000000000037e-01 3.628100000000000075e-02 9.416679999999999495e-01
4.716999999999999839e-03 7.252950000000000230e-01 2.131159999999999999e-01 4.579980000000000162e-01 3.535920000000000174e-01 5.275000000000000175e-03 3.303470000000000018e-01 6.887699999999999378e-02 4.920780000000000154e-01 2.272750000000000048e-01
6.258999999999999807e-03 7.604980000000000073e-01 2.529609999999999914e-01 4.656890000000000196e-01 9.052430000000000199e-01 7.875000000000000056e-03 7.524640000000000217e-01 2.335639999999999938e-01 8.817580000000000418e-01 7.232370000000000188e-01
1.134100000000000039e-02 8.807380000000000209e-01 3.808520000000000238e-01 9.148300000000000320e-01 2.085650000000000004e-01 1.184999999999999942e-02 9.355080000000000062e-01 5.354370000000000518e-01 5.298540000000000472e-01 7.095479999999999565e-01
1.395700000000000066e-02 6.012800000000000367e-01 4.255519999999999858e-01 9.103369999999999518e-01 7.568420000000000147e-01 1.562299999999999973e-02 6.279169999999999474e-01 3.820379999999999887e-01 3.850339999999999874e-01 6.124800000000000244e-01
2.188000000000000014e-02 3.967950000000000088e-01 4.308339999999999947e-01 8.476339999999999986e-01 1.673020000000000063e-01 2.954999999999999988e-02 3.266260000000000274e-01 3.383889999999999953e-01 5.037730000000000263e-01 8.038720000000000310e-01
3.482899999999999885e-02 3.006179999999999963e-01 4.078149999999999831e-01 6.948180000000000467e-01 2.464749999999999996e-01 3.879400000000000209e-02 2.254300000000000054e-02 1.621420000000000083e-01 2.234119999999999995e-01 5.028310000000000279e-01
3.945400000000000296e-02 8.500459999999999683e-01 2.437860000000000027e-01 7.064559999999999729e-01 2.414429999999999910e-01 4.453499999999999820e-02 3.648549999999999849e-01 2.666189999999999949e-01 7.535380000000000411e-01 9.868940000000000490e-01
4.463400000000000006e-02 7.974290000000000544e-01 3.857100000000000112e-02 9.629670000000000174e-01 9.328830000000000178e-01 4.721399999999999902e-02 5.038799999999999946e-01 4.834049999999999736e-01 2.008199999999999985e-01 4.672810000000000019e-01
4.863800000000000068e-02 5.425590000000000135e-01 3.785560000000000036e-01 5.050120000000000164e-01 3.453300000000000120e-02 4.910699999999999787e-02 8.771369999999999445e-01 5.609800000000000203e-02 5.041999999999999954e-02 6.980269999999999531e-01
4.988999999999999685e-02 5.131959999999999855e-01 4.792699999999999738e-01 7.536570000000000213e-01 2.904500000000000137e-02 5.029200000000000337e-02 4.346090000000000231e-01 3.929340000000000055e-01 6.286079999999999446e-01 4.943000000000000345e-03
5.049100000000000116e-02 5.397530000000000383e-01 4.812629999999999963e-01 7.679160000000000430e-01 7.321109999999999562e-01 5.104800000000000310e-02 9.942509999999999959e-01 3.595439999999999747e-01 5.949219999999999509e-01 2.573969999999999869e-01
5.497599999999999709e-02 6.082400000000000029e-01 1.207499999999999962e-01 9.406069999999999709e-01 6.708809999999999496e-01 5.771500000000000241e-02 1.169759999999999966e-01 5.864989999999999926e-01 5.527509999999999923e-01 1.098299999999999971e-02
6.113400000000000084e-02 2.342210000000000125e-01 4.220999999999999752e-02 6.475710000000000077e-01 6.136009999999999520e-01 6.134400000000000269e-02 4.271869999999999834e-01 1.906789999999999874e-01 9.236760000000000526e-01 7.848490000000000189e-01
6.199199999999999849e-02 6.893500000000000183e-01 7.182290000000000063e-01 5.939699999999999980e-01 9.948099999999999721e-01 6.646699999999999831e-02 5.809860000000000024e-01 6.321320000000000272e-01 1.256500000000000117e-01 8.989620000000000388e-01
6.890499999999999403e-02 5.730500000000000177e-02 5.187140000000000084e-01 3.186570000000000236e-01 9.869099999999999540e-01 6.998899999999999566e-02 7.811749999999999527e-01 2.732109999999999816e-01 4.379799999999999666e-02 4.085179999999999922e-01
7.081500000000000294e-02 4.789199999999999707e-02 1.043599999999999944e-01 2.764199999999999990e-02 3.777249999999999774e-01 7.183499999999999608e-02 8.192460000000000298e-01 7.707600000000000007e-01 2.705629999999999979e-01 3.661269999999999802e-01
7.468299999999999939e-02 4.637060000000000071e-01 2.203340000000000021e-01 3.542759999999999798e-01 7.853849999999999998e-01 7.481000000000000150e-02 2.169709999999999972e-01 4.428300000000000292e-02 9.882009999999999961e-01 7.688730000000000286e-01
7.884800000000000142e-02 2.179200000000000026e-01 2.256390000000000062e-01 8.489109999999999712e-01 3.394789999999999752e-01 8.357900000000000051e-02 6.634830000000000449e-01 1.026090000000000058e-01 1.903249999999999942e-01 6.502099999999999547e-02
8.439900000000000180e-02 2.951980000000000159e-01 4.932099999999999818e-01 6.726029999999999509e-01 5.856679999999999664e-01 9.758200000000000207e-02 6.337040000000000450e-01 1.807239999999999958e-01 5.678010000000000002e-01 9.832750000000000101e-01
1.083400000000000057e-01 1.904029999999999889e-01 1.164940000000000003e-01 6.287519999999999776e-01 3.409949999999999926e-01 1.197030000000000038e-01 8.419480000000000297e-01 7.252779999999999783e-01 5.501920000000000144e-01 5.516499999999999737e-01
1.215129999999999960e-01 4.697850000000000081e-01 2.191999999999999851e-02 2.593799999999999925e-02 2.161140000000000005e-01 1.246109999999999995e-01 6.978700000000000181e-02 6.044180000000000108e-01 4.534230000000000205e-01 9.994910000000000183e-01
1.299740000000000062e-01 2.818599999999999994e-01 4.293560000000000154e-01 9.184269999999999934e-01 7.151480000000000059e-01 1.333040000000000058e-01 2.259079999999999977e-01 4.168040000000000078e-01 1.815999999999999906e-03 5.296589999999999909e-01
1.375580000000000136e-01 4.852599999999999969e-02 4.842440000000000078e-01 7.914290000000000491e-01 5.860539999999999639e-01 1.524550000000000072e-01 8.154500000000000637e-02 1.293040000000000023e-01 5.357250000000000068e-01 8.036330000000000418e-01
1.547040000000000082e-01 8.337890000000000024e-01 4.055790000000000228e-01 3.080120000000000080e-01 5.671439999999999815e-01 1.558470000000000133e-01 8.819240000000000412e-01 5.694000000000000172e-01 7.023329999999999851e-01 7.860390000000000432e-01
1.562540000000000040e-01 1.728999999999999981e-01 7.987900000000000555e-02 9.638440000000000341e-01 1.173690000000000011e-01 1.593910000000000049e-01 1.147740000000000010e-01 1.354680000000000051e-01 7.374950000000000117e-01 4.496160000000000156e-01
1.635639999999999872e-01 3.992519999999999958e-01 6.138820000000000388e-01 8.198729999999999629e-01 5.477189999999999559e-01 1.636410000000000087e-01 9.725610000000000088e-01 4.836690000000000156e-01 7.400379999999999736e-01 7.593870000000000342e-01
1.687430000000000041e-01 9.489919999999999467e-01 6.207629999999999537e-01 9.417389999999999928e-01 9.378779999999999895e-01 1.885590000000000044e-01 1.972460000000000047e-01 6.682379999999999987e-01 7.296319999999999473e-01 7.023420000000000218e-01
1.906920000000000004e-01 6.171349999999999891e-01 5.450900000000000190e-02 2.031399999999999872e-01 8.788100000000000078e-02 2.095490000000000130e-01 7.529050000000000464e-01 1.544339999999999880e-01 5.453510000000000302e-01 2.581970000000000098e-01
2.136450000000000016e-01 9.349490000000000300e-01 9.266900000000000137e-02 9.137720000000000287e-01 5.873340000000000227e-01 2.142670000000000130e-01 5.219040000000000346e-01 8.173500000000000210e-02 9.387800000000000311e-02 4.308400000000000007e-01
2.173019999999999952e-01 8.162239999999999496e-01 3.624149999999999872e-01 3.909119999999999817e-01 8.826600000000000001e-01 2.183150000000000091e-01 2.092590000000000006e-01 2.009730000000000127e-01 4.669320000000000137e-01 9.462700000000000278e-02
2.198370000000000046e-01 9.933560000000000167e-01 3.059089999999999865e-01 7.356099999999999861e-01 3.278940000000000188e-01 2.207610000000000128e-01 2.504509999999999792e-01 1.820599999999999996e-01 1.364549999999999930e-01 3.999969999999999914e-01
2.227699999999999958e-01 8.530069999999999597e-01 4.234000000000000263e-02 4.508399999999999908e-02 1.924760000000000082e-01 2.254760000000000097e-01 7.930040000000000422e-01 3.173000000000000126e-02 5.023729999999999585e-01 6.584539999999999837e-01
2.255209999999999992e-01 7.947799999999999310e-02 4.044429999999999970e-01 1.279540000000000122e-01 3.211999999999999855e-01 2.261009999999999964e-01 6.539209999999999745e-01 6.179999999999999730e-03 3.660760000000000125e-01 6.914160000000000306e-01
2.264819999999999889e-01 7.506599999999999939e-01 3.230160000000000253e-01 3.382839999999999736e-01 4.794199999999999851e-02 2.280159999999999965e-01 6.636109999999999509e-01 4.629090000000000149e-01 5.350559999999999761e-01 2.308350000000000124e-01
2.440450000000000119e-01 3.828119999999999856e-01 7.181800000000000683e-02 9.255290000000000461e-01 2.784749999999999726e-01 2.449320000000000108e-01 3.287070000000000269e-01 3.329700000000000021e-02 2.442179999999999906e-01 8.664979999999999905e-01
2.511610000000000231e-01 4.064209999999999767e-01 6.185760000000000147e-01 1.335909999999999875e-01 2.755520000000000191e-01 2.539930000000000243e-01 7.756299999999999306e-02 1.203589999999999938e-01 2.373079999999999912e-01 4.274999999999999911e-01
2.544339999999999935e-01 3.412490000000000245e-01 5.612219999999999986e-01 2.226879999999999971e-01 8.075229999999999908e-01 2.545859999999999790e-01 3.477910000000000168e-01 5.835799999999999876e-01 9.199030000000000262e-01 2.924740000000000117e-01
2.546780000000000155e-01 2.474609999999999865e-01 1.303099999999999918e-02 7.681400000000000450e-01 6.090399999999999980e-02 2.548960000000000115e-01 5.495539999999999869e-01 3.566940000000000111e-01 4.484770000000000145e-01 9.666800000000000392e-02
2.560129999999999906e-01 6.495549999999999935e-01 1.133499999999999959e-02 2.782140000000000168e-01 5.443740000000000245e-01 2.584969999999999768e-01 1.985359999999999903e-01 6.259499999999999786e-02 9.928160000000000318e-01 2.175090000000000079e-01
2.587450000000000028e-01 9.806030000000000024e-01 5.070679999999999632e-01 4.805650000000000199e-01 1.551770000000000094e-01 2.650290000000000146e-01 3.548850000000000060e-01 5.762030000000000207e-01 1.279200000000000059e-01 3.000229999999999841e-01
2.697439999999999838e-01 1.893849999999999978e-01 4.841090000000000115e-01 6.000699999999999784e-02 7.761670000000000513e-01 2.754019999999999802e-01 4.104720000000000035e-01 4.523260000000000058e-01 4.391930000000000001e-01 6.625790000000000290e-01
2.840759999999999952e-01 4.826099999999999834e-01 3.901209999999999956e-01 3.497040000000000148e-01 4.391680000000000028e-01 2.848189999999999888e-01 2.308800000000000019e-01 2.977600000000000247e-01 8.397289999999999477e-01 4.528479999999999728e-01
2.878640000000000088e-01 3.747869999999999813e-01 2.734139999999999904e-01 4.631750000000000034e-01 9.412909999999999888e-01 2.938890000000000113e-01 7.113779999999999548e-01 3.314999999999999891e-02 6.391580000000000039e-01 8.461600000000000232e-01
3.036599999999999855e-01 7.236000000000000244e-03 5.923500000000000293e-02 5.771199999999999664e-01 3.297300000000000231e-01 3.059459999999999957e-01 9.373609999999999998e-01 9.695700000000000152e-02 5.196049999999999836e-01 5.974920000000000231e-01
3.067840000000000011e-01 5.191489999999999716e-01 6.250390000000000112e-01 5.799379999999999535e-01 1.283509999999999929e-01 3.084270000000000067e-01 2.466099999999999889e-02 6.316939999999999777e-01 4.773870000000000058e-01 5.315990000000000437e-01
3.086340000000000194e-01 7.736229999999999496e-01 6.209019999999999539e-01 9.069139999999999979e-01 9.615219999999999878e-01 3.100310000000000010e-01 2.573730000000000184e-01 5.418849999999999500e-01 9.062550000000000328e-01 2.743900000000000158e-02
3.146889999999999965e-01 6.530010000000000536e-01 2.997380000000000044e-01 7.392140000000000377e-01 2.158190000000000108e-01 3.163969999999999838e-01 9.899149999999999894e-01 2.251910000000000023e-01 6.132579999999999698e-01 3.957999999999999852e-01
3.173560000000000270e-01 9.266140000000000487e-01 9.832000000000000461e-03 5.828759999999999497e-01 3.116570000000000173e-01 3.205259999999999776e-01 7.632989999999999498e-01 7.998199999999999754e-02 1.335500000000000055e-02 8.942339999999999733e-01
3.214029999999999943e-01 3.829380000000000006e-01 1.688459999999999961e-01 2.129900000000000126e-01 4.286829999999999807e-01 3.253489999999999993e-01 9.148330000000000073e-01 1.009810000000000013e-01 2.996130000000000182e-01 2.074860000000000038e-01
3.337660000000000071e-01 6.890749999999999931e-01 2.825520000000000254e-01 3.195620000000000127e-01 3.232820000000000138e-01 3.382140000000000146e-01 3.583700000000000080e-02 7.292999999999999483e-02 5.354199999999999932e-02 4.473269999999999746e-01
3.394690000000000207e-01 1.243700000000000014e-02 5.328330000000000011e-01 8.140799999999999426e-02 4.220409999999999995e-01 3.399349999999999872e-01 7.322699999999999765e-01 1.453649999999999942e-01 9.143759999999999666e-01 7.471569999999999601e-01
3.581289999999999751e-01 5.463320000000000398e-01 1.218629999999999991e-01 8.078340000000000520e-01 1.005199999999999982e-01 3.630950000000000011e-01 7.972850000000000215e-01 4.025110000000000077e-01 4.265120000000000022e-01 4.394300000000000289e-02
3.672329999999999761e-01 5.708199999999999941e-01 5.342740000000000267e-01 9.427000000000000657e-02 2.198009999999999964e-01 3.683100000000000263e-01 2.338399999999999923e-01 4.866880000000000095e-01 4.857020000000000226e-01 4.459989999999999788e-01
3.765589999999999771e-01 4.722459999999999991e-01 3.058449999999999780e-01 3.309440000000000159e-01 5.068700000000000289e-02 3.768560000000000243e-01 5.687609999999999610e-01 4.172440000000000038e-01 4.817830000000000168e-01 8.752210000000000267e-01
3.782969999999999944e-01 3.556560000000000277e-01 3.255399999999999960e-01 2.347249999999999892e-01 8.768880000000000008e-01 3.784020000000000161e-01 7.794240000000000057e-01 4.602899999999999769e-01 7.031900000000000650e-02 9.017539999999999445e-01
3.788579999999999726e-01 4.589409999999999878e-01 5.563810000000000144e-01 5.413029999999999786e-01 5.583110000000000017e-01 3.803509999999999946e-01 4.372090000000000143e-01 1.624319999999999931e-01 4.555150000000000032e-01 8.588259999999999783e-01
3.815700000000000203e-01 4.637060000000000071e-01 4.586759999999999726e-01 2.649130000000000096e-01 2.521050000000000235e-01 3.835459999999999980e-01 7.120790000000000175e-01 2.846509999999999874e-01 8.239610000000000545e-01 4.515199999999999769e-02
3.854620000000000268e-01 5.663550000000000528e-01 1.863480000000000136e-01 3.363000000000000017e-02 1.257870000000000099e-01 3.881830000000000003e-01 6.021220000000000461e-01 4.733729999999999882e-01 4.307030000000000025e-01 8.372359999999999802e-01
3.896339999999999804e-01 8.533380000000000409e-01 3.512870000000000159e-01 8.014350000000000085e-01 9.045159999999999867e-01 3.925109999999999988e-01 5.877900000000000347e-01 4.925539999999999918e-01 9.170500000000000318e-01 3.592580000000000218e-01
3.983470000000000066e-01 3.900540000000000118e-01 6.965399999999999370e-02 5.781499999999999834e-02 8.486540000000000195e-01 3.985699999999999799e-01 5.176089999999999858e-01 6.960490000000000288e-01 6.037900000000000211e-02 5.495659999999999989e-01
4.022720000000000184e-01 7.563309999999999755e-01 1.824299999999999880e-02 6.535130000000000106e-01 8.777359999999999607e-01 4.107069999999999887e-01 8.375169999999999559e-01 6.077409999999999757e-01 2.465559999999999974e-01 8.554389999999999494e-01
4.302759999999999918e-01 9.811919999999999531e-01 7.179450000000000554e-01 7.622400000000000009e-02 7.808070000000000288e-01 4.342909999999999826e-01 4.185949999999999949e-01 5.907959999999999878e-01 1.010579999999999951e-01 9.850259999999999572e-01
4.376260000000000150e-01 2.220389999999999864e-01 5.198279999999999568e-01 8.493279999999999719e-01 5.532040000000000290e-01 4.380700000000000149e-01 6.524149999999999672e-01 6.089149999999999840e-01 4.210050000000000181e-01 8.822569999999999579e-01
4.392670000000000186e-01 1.205499999999999974e-02 4.722699999999999815e-02 4.980950000000000100e-01 8.245860000000000412e-01 4.396800000000000153e-01 9.280779999999999585e-01 4.040819999999999967e-01 7.104789999999999717e-01 8.572450000000000347e-01
4.480810000000000071e-01 8.644960000000000422e-01 2.036459999999999937e-01 3.093200000000000116e-02 6.323670000000000124e-01 4.533499999999999752e-01 1.717099999999999876e-02 3.429299999999999710e-02 8.549579999999999957e-01 9.405919999999999837e-01
4.613459999999999783e-01 2.483630000000000004e-01 6.013910000000000089e-01 3.822999999999999732e-01 6.074699999999999545e-01 4.650520000000000209e-01 3.013890000000000180e-01 2.034539999999999960e-01 5.536060000000000425e-01 3.488430000000000142e-01
4.680960000000000121e-01 7.373889999999999612e-01 6.597840000000000371e-01 1.117149999999999949e-01 8.429320000000000146e-01 4.706710000000000060e-01 7.281859999999999999e-01 3.279869999999999730e-01 2.112900000000000056e-01 4.596870000000000123e-01
4.711330000000000240e-01 5.020299999999999763e-01 1.872820000000000040e-01 4.632120000000000126e-01 6.759760000000000213e-01 4.740389999999999882e-01 8.857180000000000053e-01 6.049020000000000508e-01 2.472719999999999918e-01 8.177240000000000064e-01
4.787420000000000009e-01 9.001139999999999697e-01 9.379700000000000537e-02 9.868919999999999915e-01 5.042360000000000175e-01 4.803390000000000160e-01 5.654820000000000402e-01 2.886700000000000030e-02 6.231900000000000217e-01 6.632749999999999480e-01
4.906749999999999723e-01 8.849789999999999601e-01 3.855950000000000211e-01 6.650899999999999868e-02 7.430520000000000458e-01 4.972239999999999993e-01 9.596590000000000398e-01 1.856999999999999927e-03 7.721740000000000270e-01 4.837839999999999918e-01
4.978489999999999860e-01 9.154199999999999837e-02 6.041400000000000242e-02 7.959249999999999936e-01 7.426949999999999941e-01 5.015629999999999811e-01 9.407250000000000334e-01 4.088459999999999872e-01 3.338180000000000036e-01 3.424809999999999799e-01
5.051109999999999767e-01 8.140020000000000033e-01 7.220999999999999988e-03 4.977509999999999990e-01 1.210269999999999957e-01 5.092700000000000005e-01 6.557859999999999800e-01 8.184299999999999908e-02 8.020300000000000207e-01 2.964350000000000041e-01
5.241479999999999473e-01 3.622790000000000177e-01 4.730570000000000053e-01 9.443340000000000067e-01 7.612870000000000470e-01 6.728999999999999738e-03 4.676799999999999707e-02 3.844449999999999812e-01 5.034809999999999564e-01 7.292110000000000536e-01
1.255900000000000072e-02 5.279059999999999864e-01 6.230430000000000135e-01 8.302960000000000340e-01 7.871129999999999516e-01 1.353500000000000016e-02 6.017280000000000406e-01 2.092999999999999809e-03 2.445940000000000059e-01 1.734360000000000068e-01
2.181699999999999959e-02 2.778919999999999724e-01 4.235149999999999748e-01 4.691919999999999980e-01 1.592100000000000112e-02 2.302299999999999833e-02 8.555519999999999792e-01 4.020830000000000237e-01 7.842120000000000202e-01 3.354389999999999872e-01
2.373199999999999962e-02 3.230759999999999743e-01 1.585070000000000090e-01 9.574059999999999793e-01 6.019079999999999986e-01 2.475300000000000070e-02 3.961999999999999966e-01 1.577900000000000136e-01 6.997740000000000071e-01 3.889340000000000019e-01
2.916099999999999942e-02 6.458390000000000519e-01 4.691370000000000262e-01 3.217289999999999872e-01 1.201360000000000067e-01 3.307800000000000323e-02 6.358129999999999615e-01 7.629219999999999891e-01 2.538270000000000248e-01 5.725040000000000129e-01
3.440800000000000108e-02 3.762469999999999981e-01 1.300679999999999892e-01 8.940339999999999954e-01 4.369020000000000126e-01 4.092200000000000004e-02 3.469639999999999946e-01 6.883100000000000329e-02 9.924720000000000208e-01 6.621979999999999533e-01
5.038200000000000317e-02 4.170639999999999903e-01 1.523999999999999964e-03 8.861639999999999517e-01 9.046009999999999884e-01 5.154999999999999860e-02 6.816750000000000309e-01 3.989999999999999949e-04 4.435450000000000226e-01 8.588639999999999608e-01
6.647799999999999543e-02 9.771210000000000173e-01 7.008990000000000498e-01 7.933660000000000156e-01 6.229409999999999670e-01 7.512099999999999334e-02 2.526599999999999957e-01 4.895999999999999658e-02 3.078719999999999790e-01 8.668129999999999447e-01
9.572899999999999465e-02 2.522119999999999918e-01 1.856500000000000164e-02 2.878709999999999880e-01 6.240590000000000304e-01 9.761999999999999844e-02 8.659999999999999643e-02 5.278249999999999886e-01 1.277590000000000114e-01 2.260500000000000009e-02
1.146250000000000047e-01 2.458199999999999968e-02 5.224560000000000315e-01 6.790869999999999962e-01 6.671409999999999840e-01 1.161490000000000022e-01 2.235050000000000092e-01 5.780199999999999921e-02 2.768999999999999934e-02 7.843029999999999724e-01
1.169390000000000013e-01 8.057299999999999462e-01 6.287299999999999833e-02 7.459999999999999964e-02 3.671200000000000158e-02 1.369640000000000024e-01 9.563479999999999759e-01 2.662889999999999979e-01 4.809680000000000066e-01 2.419830000000000036e-01
1.370979999999999976e-01 9.891849999999999810e-01 4.244660000000000100e-01 3.924810000000000243e-01 8.203850000000000309e-01 1.371950000000000114e-01 5.021860000000000213e-01 5.954089999999999661e-01 8.810540000000000038e-01 6.403799999999999493e-01
1.399509999999999921e-01 5.037819999999999521e-01 1.931410000000000071e-01 9.443259999999999987e-01 4.749079999999999968e-01 1.458619999999999917e-01 8.985910000000000286e-01 5.867999999999999952e-03 2.752519999999999967e-01 5.501899999999999846e-02
1.505859999999999976e-01 8.319590000000000041e-01 1.899609999999999910e-01 6.998060000000000391e-01 5.818680000000000518e-01 1.607300000000000118e-01 6.875670000000000393e-01 6.187299999999999744e-02 5.650169999999999915e-01 3.131610000000000227e-01
1.671880000000000033e-01 5.391240000000000476e-01 2.011429999999999885e-01 2.972699999999999995e-02 2.632639999999999980e-01 1.675180000000000002e-01 2.395909999999999984e-01 1.111589999999999939e-01 6.342499999999999527e-02 9.348880000000000523e-01
1.703510000000000024e-01 6.031009999999999982e-01 1.929420000000000024e-01 7.299959999999999782e-01 2.486629999999999951e-01 1.755819999999999881e-01 8.028100000000000513e-02 2.602729999999999766e-01 6.526099999999999957e-02 9.900579999999999936e-01
1.838529999999999887e-01 6.913519999999999666e-01 2.962480000000000113e-01 4.983600000000000252e-01 5.717740000000000045e-01 1.912520000000000053e-01 4.919000000000000039e-01 2.321030000000000038e-01 9.949189999999999978e-01 1.472110000000000085e-01
1.926170000000000104e-01 2.977909999999999724e-01 9.521499999999999408e-02 1.058999999999999941e-01 7.613799999999999735e-02 1.987279999999999880e-01 6.070500000000000201e-02 3.881820000000000270e-01 1.937399999999999886e-02 5.970799999999999719e-02
2.048000000000000098e-01 2.960189999999999766e-01 5.272430000000000172e-01 5.947099999999999609e-01 5.768320000000000114e-01 2.050960000000000005e-01 8.026280000000000081e-01 9.359900000000000164e-02 7.682620000000000005e-01 3.660180000000000100e-01
2.169470000000000010e-01 1.923890000000000045e-01 4.796409999999999840e-01 1.960310000000000108e-01 2.156470000000000053e-01 2.245679999999999898e-01 4.070119999999999849e-01 1.888700000000000101e-02 4.104200000000000070e-01 6.165640000000000009e-01
2.323820000000000052e-01 2.257939999999999947e-01 2.503800000000000123e-02 9.495810000000000084e-01 4.977779999999999982e-01 2.339279999999999970e-01 7.573210000000000219e-01 1.556819999999999871e-01 7.924830000000000485e-01 8.191429999999999545e-01
2.371169999999999944e-01 5.508070000000000466e-01 5.685050000000000381e-01 3.138480000000000159e-01 5.141149999999999887e-01 2.719320000000000070e-01 3.963539999999999841e-01 9.092200000000000282e-02 2.996100000000000152e-02 8.346430000000000238e-01
2.812729999999999952e-01 3.783810000000000229e-01 5.927689999999999904e-01 7.454730000000000523e-01 8.814400000000000013e-02 2.824710000000000276e-01 3.049310000000000076e-01 2.336299999999999835e-02 3.589319999999999733e-01 1.394199999999999884e-01
2.854860000000000175e-01 8.793779999999999930e-01 4.491569999999999729e-01 3.539669999999999761e-01 7.226569999999999938e-01 2.960909999999999931e-01 3.188590000000000035e-01 4.806599999999999762e-01 1.880519999999999969e-01 3.471799999999999886e-02
2.974249999999999949e-01 7.225899999999999546e-01 8.283500000000000585e-02 4.453999999999999626e-03 9.022890000000000077e-01 3.061920000000000197e-01 5.276089999999999947e-01 2.655890000000000195e-01 7.263110000000000399e-01 6.851699999999999458e-01
3.146749999999999825e-01 2.989359999999999795e-01 1.824739999999999973e-01 1.395470000000000044e-01 4.878190000000000026e-01 3.195640000000000147e-01 1.861260000000000137e-01 1.590139999999999887e-01 6.792679999999999829e-01 8.746800000000000408e-02
3.221879999999999744e-01 2.850130000000000163e-01 2.168219999999999870e-01 7.490489999999999648e-01 6.890619999999999523e-01 3.242689999999999739e-01 8.033069999999999933e-01 5.283419999999999783e-01 2.147820000000000007e-01 4.672620000000000107e-01
3.289630000000000054e-01 8.432899999999999840e-01 5.617500000000000271e-02 4.411780000000000146e-01 2.197689999999999921e-01 3.320750000000000091e-01 7.934719999999999551e-01 1.759239999999999970e-01 7.029020000000000268e-01 9.417659999999999920e-01
3.369989999999999930e-01 1.213140000000000052e-01 4.657499999999999973e-01 2.537159999999999971e-01 9.867460000000000120e-01 3.423410000000000064e-01 7.573779999999999957e-01 8.601699999999999624e-02 8.984569999999999501e-01 2.749539999999999762e-01
3.431420000000000026e-01 2.526899999999999979e-02 2.112489999999999923e-01 1.880479999999999929e-01 3.281169999999999920e-01 3.507060000000000177e-01 5.804160000000000430e-01 3.136360000000000259e-01 6.496840000000000392e-01 8.920329999999999648e-01
3.522429999999999728e-01 9.782539999999999569e-01 3.596460000000000212e-01 9.025959999999999539e-01 7.371959999999999624e-01 3.590670000000000250e-01 8.071299999999999308e-02 2.611559999999999993e-01 4.163499999999999840e-02 6.002009999999999845e-01
3.617330000000000267e-01 8.017640000000000322e-01 4.665110000000000090e-01 3.705359999999999765e-01 7.235759999999999970e-01 3.646380000000000177e-01 6.242739999999999956e-01 7.532600000000000406e-01 6.843000000000000471e-02 2.915610000000000146e-01
3.664279999999999760e-01 9.568750000000000311e-01 4.184629999999999739e-01 2.610739999999999728e-01 9.857580000000000231e-01 3.863449999999999940e-01 1.752319999999999989e-01 2.245709999999999928e-01 4.931260000000000088e-01 4.800659999999999927e-01
3.899029999999999996e-01 1.990570000000000117e-01 2.781629999999999936e-01 4.555569999999999897e-01 8.540010000000000101e-01 3.985360000000000014e-01 9.430900000000000394e-02 1.287600000000000029e-02 4.126059999999999728e-01 6.988389999999999880e-01
4.168760000000000243e-01 6.076899999999999524e-01 2.065740000000000076e-01 7.405829999999999913e-01 1.601519999999999888e-01 4.230679999999999996e-01 2.894030000000000213e-01 5.325200000000000072e-02 9.630290000000000239e-01 3.925799999999999845e-01
4.275639999999999996e-01 5.395919999999999606e-01 6.164300000000000335e-02 2.781810000000000116e-01 2.656450000000000200e-01 4.385769999999999946e-01 9.028739999999999544e-01 3.666739999999999999e-01 6.806569999999999565e-01 8.355600000000000527e-02
4.422579999999999845e-01 5.655289999999999484e-01 1.401670000000000138e-01 6.928590000000000027e-01 8.283220000000000027e-01 4.427969999999999962e-01 6.747119999999999784e-01 2.205809999999999993e-01 1.173730000000000051e-01 2.135589999999999988e-01
4.481829999999999981e-01 8.409579999999999833e-01 4.726060000000000261e-01 6.230449999999999600e-01 7.368799999999999795e-01 4.694200000000000039e-01 4.725530000000000008e-01 2.548409999999999842e-01 3.577060000000000239e-01 9.273350000000000204e-01
4.740289999999999782e-01 1.392450000000000077e-01 1.143460000000000032e-01 2.719239999999999990e-01 9.105189999999999673e-01 4.747140000000000248e-01 5.389680000000000026e-01 4.273970000000000269e-01 4.577729999999999855e-01 7.659519999999999662e-01
4.782759999999999789e-01 4.556419999999999915e-01 1.563229999999999897e-01 9.681459999999999511e-01 6.458840000000000137e-01 4.869999999999999885e-01 8.304540000000000255e-01 1.646809999999999941e-01 4.494319999999999982e-01 8.567029999999999923e-01
4.959509999999999752e-01 1.148359999999999936e-01 3.668179999999999774e-01 7.324439999999999840e-01 9.641199999999999770e-01 4.997110000000000163e-01 5.665489999999999693e-01 2.052160000000000095e-01 5.347499999999999476e-01 8.663509999999999822e-01
5.015849999999999476e-01 3.738339999999999996e-01 9.765699999999999381e-02 1.278100000000000069e-01 8.343620000000000481e-01 5.063069999999999515e-01 1.537499999999999978e-01 6.179489999999999705e-01 3.807729999999999726e-01 3.657730000000000148e-01
5.338730000000000420e-01 6.065970000000000528e-01 1.840599999999999875e-02 2.301169999999999882e-01 7.266070000000000029e-01 5.469779999999999642e-01 1.803379999999999983e-01 3.035359999999999725e-01 1.979300000000000156e-02 8.953309999999999880e-01
5.522409999999999819e-01 9.269640000000000102e-01 3.257849999999999913e-01 4.149039999999999950e-01 9.276849999999999818e-01 5.577889999999999793e-01 5.078629999999999534e-01 9.059499999999999498e-02 1.486959999999999948e-01 2.814809999999999812e-01
5.676980000000000359e-01 9.380380000000000384e-01 4.290499999999999869e-02 8.830500000000000016e-01 4.457289999999999863e-01 5.776379999999999848e-01 5.160010000000000430e-01 1.738409999999999955e-01 5.466250000000000275e-01 3.332950000000000079e-01
5.821169999999999956e-01 9.302859999999999463e-01 8.040999999999999537e-02 4.842080000000000273e-01 3.971640000000000170e-01 6.009309999999999929e-01 9.269100000000000117e-01 3.826899999999999746e-02 2.381280000000000063e-01 6.692010000000000458e-01
6.051159999999999872e-01 3.324819999999999998e-01 1.491510000000000058e-01 4.947190000000000198e-01 2.763699999999999837e-02 6.067719999999999780e-01 3.607730000000000103e-01 1.956360000000000043e-01 3.442459999999999964e-01 1.179629999999999984e-01
6.092459999999999543e-01 1.501480000000000037e-01 2.662610000000000254e-01 3.437300000000000078e-02 5.034229999999999539e-01 6.101349999999999829e-01 2.107739999999999891e-01 8.082300000000000595e-02 5.903009999999999646e-01 3.029800000000000271e-01
6.123819999999999819e-01 3.176700000000000079e-01 6.511000000000000121e-02 9.874000000000000832e-03 9.500599999999999323e-02 6.146779999999999466e-01 5.814030000000000031e-01 1.738099999999999923e-01 2.709090000000000109e-01 1.733810000000000073e-01
6.182130000000000125e-01 2.641740000000000199e-01 9.478999999999999926e-02 6.465570000000000483e-01 8.447149999999999936e-01 6.342950000000000532e-01 3.347109999999999808e-01 1.241300000000000042e-01 2.115829999999999933e-01 2.245610000000000106e-01
6.419019999999999726e-01 8.766749999999999821e-01 6.389329999999999732e-01 1.665159999999999973e-01 8.525430000000000508e-01 6.589159999999999462e-01 9.127830000000000110e-01 3.809750000000000081e-01 1.881349999999999967e-01 6.303809999999999691e-01
6.715299999999999603e-01 7.151079999999999659e-01 1.198270000000000030e-01 6.904029999999999889e-01 5.940760000000000485e-01 6.728549999999999809e-01 8.906260000000000288e-01 4.258359999999999923e-01 9.430159999999999654e-01 3.030909999999999993e-01
6.738380000000000480e-01 5.343470000000000164e-01 1.787700000000000122e-01 4.714269999999999849e-01 1.787100000000000077e-01 6.908999999999999586e-01 5.142919999999999714e-01 5.736529999999999685e-01 4.518389999999999906e-01 2.458819999999999895e-01
7.173760000000000137e-01 9.483479999999999688e-01 4.305500000000000299e-02 2.786440000000000028e-01 1.340149999999999952e-01 7.193619999999999459e-01 9.403010000000000534e-01 1.933930000000000093e-01 6.605429999999999913e-01 2.918919999999999848e-01
7.199250000000000371e-01 8.794619999999999660e-01 1.285400000000000084e-02 9.488029999999999520e-01 1.605540000000000023e-01 7.215479999999999672e-01 3.039359999999999840e-01 5.487400000000000055e-01 6.082140000000000324e-01 5.553820000000000423e-01
7.250999999999999668e-01 9.848839999999999817e-01 1.814669999999999894e-01 3.714100000000000179e-01 3.704299999999999815e-01 7.316240000000000521e-01 8.625479999999999814e-01 5.559900000000000259e-02 1.889649999999999941e-01 3.220879999999999854e-01
7.347979999999999512e-01 1.239400000000000050e-02 1.733329999999999871e-01 6.545379999999999532e-01 5.932420000000000471e-01 7.458749999999999547e-01 9.165309999999999846e-01 1.416640000000000121e-01 6.959149999999999503e-01 6.106049999999999534e-01
7.543590000000000018e-01 8.680989999999999540e-01 2.202900000000000136e-01 4.889789999999999970e-01 9.251620000000000399e-01 7.796830000000000149e-01 7.131060000000000176e-01 2.135279999999999956e-01 8.490910000000000402e-01 8.671290000000000386e-01
7.889749999999999819e-01 9.040430000000000410e-01 3.612580000000000235e-01 3.834060000000000246e-01 8.880379999999999940e-01 7.917990000000000306e-01 8.397320000000000340e-01 3.744499999999999912e-02 1.762360000000000038e-01 8.047619999999999774e-01
7.962879999999999958e-01 7.593689999999999607e-01 3.282649999999999735e-01 9.481370000000000076e-01 5.281519999999999548e-01 8.027450000000000419e-01 4.066469999999999807e-01 1.838849999999999929e-01 4.375279999999999725e-01 4.660700000000000259e-02
8.031610000000000138e-01 8.823729999999999629e-01 2.415130000000000055e-01 2.120070000000000010e-01 5.918170000000000375e-01 8.108279999999999932e-01 8.196700000000000097e-01 1.386729999999999907e-01 9.709130000000000260e-01 7.794489999999999474e-01
8.124400000000000510e-01 6.858330000000000259e-01 4.501669999999999838e-01 7.621149999999999869e-01 4.113609999999999767e-01 8.231519999999999948e-01 9.714270000000000405e-01 4.171699999999999853e-01 3.649930000000000119e-01 1.765750000000000097e-01
8.255500000000000060e-01 9.062540000000000040e-01 3.058080000000000243e-01 7.645319999999999894e-01 7.112249999999999961e-01 8.266409999999999592e-01 9.072230000000000016e-01 4.742250000000000076e-01 2.563329999999999775e-01 1.486810000000000076e-01
8.385249999999999648e-01 7.798319999999999697e-01 3.309300000000000019e-01 2.788450000000000095e-01 4.974319999999999853e-01 8.475589999999999513e-01 7.047999999999999821e-01 1.859059999999999879e-01 7.710679999999999756e-01 6.319470000000000365e-01
8.594570000000000265e-01 3.069720000000000226e-01 7.856100000000000583e-02 7.394410000000000149e-01 5.322390000000000176e-01 8.668350000000000222e-01 8.767740000000000533e-01 8.985600000000000531e-02 7.511929999999999996e-01 2.052789999999999893e-01
8.713910000000000267e-01 3.495570000000000066e-01 1.554230000000000056e-01 8.268450000000000522e-01 2.347899999999999987e-01 8.904069999999999485e-01 6.450879999999999947e-01 3.906220000000000248e-01 5.550789999999999891e-01 1.936799999999999911e-01
9.002449999999999619e-01 5.299890000000000434e-01 6.205999999999999711e-02 9.034379999999999633e-01 9.199899999999999745e-02 9.019629999999999592e-01 7.905429999999999957e-01 1.466709999999999958e-01 1.009410000000000029e-01 6.349289999999999656e-01
9.285060000000000535e-01 5.160759999999999792e-01 1.192160000000000025e-01 8.313650000000000206e-01 8.231950000000000101e-01 9.695160000000000444e-01 8.975549999999999917e-01 1.532610000000000083e-01 7.650270000000000126e-01 6.174690000000000456e-01
9.742539999999999534e-01 8.685899999999999732e-01 3.778529999999999944e-01 2.884160000000000057e-01 8.520569999999999533e-01 9.777160000000000295e-01 6.162299999999999722e-02 1.888759999999999883e-01 2.103649999999999964e-01 5.733589999999999520e-01
9.870449999999999502e-01 6.605259999999999465e-01 2.603820000000000023e-01 5.595419999999999838e-01 1.702829999999999899e-01 9.931470000000000020e-01 9.667430000000000190e-01 2.288939999999999864e-01 3.805769999999999986e-01 4.317170000000000174e-01
